COMPTE RENDU DE LA SIMULATION Modèle1.essai0
RESULTATS GLOBAUX : 
Id, age, richesse, mu, probaMort, probaEnfant, alpha, revenuTravail, revenuCapital
2686, 50, 531.9221275027533, 0.9164137675272648, 0.0, 0.0, 0.2, 533.0893164593635, 4.205761826245787, 7969.920021627285
2687, 50, 399.89307107265245, 0.6889495603242053, 0.0, 0.0, 0.2, 400.77055059878586, 3.161844424095424, 7969.920021627285
2688, 50, 407.7754683087271, 0.7025296258540422, 0.0, 0.0, 0.2, 408.67024406400736, 3.224168369050348, 7969.920021627285
2689, 50, 229.8604574896202, 0.3960115155249172, 0.0, 0.0, 0.2, 230.36483693478982, 1.817443357755846, 7969.920021627285
2690, 50, 131.74945731610143, 0.22698250421645816, 0.0, 0.0, 0.2, 132.03855322632555, 1.041706688928428, 7969.920021627285
2691, 50, 569.3969414691428, 0.9809766681449772, 0.0, 0.0, 0.2, 570.6463608627871, 4.5020648636197835, 7969.920021627285
2692, 50, 399.89307107265245, 0.6889495603242053, 0.0, 0.0, 0.2, 400.77055059878586, 3.161844424095424, 7969.920021627285
2693, 50, 423.8404339286346, 0.7302069021088435, 0.0, 0.0, 0.2, 424.7704608033746, 3.3511896295896704, 7969.920021627285
2694, 50, 54.465330197204295, 0.09383474735289732, 0.0, 0.0, 0.2, 54.58484267588752, 0.4306423717935819, 7969.920021627285
2695, 50, 234.5872958977951, 0.4041550755878621, 0.0, 0.0, 0.2, 235.10204737545678, 1.8548171677706051, 7969.920021627285
2696, 50, 297.2147252549405, 0.5120517685815789, 0.0, 0.0, 0.2, 297.8668991862792, 2.3499950106303635, 7969.920021627285
2697, 50, 337.5354223378191, 0.5815176546830622, 0.0, 0.0, 0.2, 338.27607138695987, 2.6687996613422253, 7969.920021627285
2698, 50, 209.99192154951885, 0.36178131727841745, 0.0, 0.0, 0.2, 210.45270375641945, 1.6603483138016197, 7969.920021627285
2699, 50, 316.61591365022326, 0.5454768043763819, 0.0, 0.0, 0.2, 317.31065932593816, 2.5033948662065177, 7969.920021627285
2700, 50, 423.32004598642413, 0.7293103598331241, 0.0, 0.0, 0.2, 424.24893098150187, 3.3470750653912176, 7969.920021627285
2701, 50, 219.8045894188381, 0.37868691955864975, 0.0, 0.0, 0.2, 220.2869034195479, 1.7379343772582443, 7969.920021627285
2702, 50, 481.3295558342476, 0.8292511419954129, 0.0, 0.0, 0.2, 482.3857302496595, 3.8057402899845347, 7969.920021627285
2703, 49, 498.53586775538037, 0.8588947689806674, 0.0, 0.0, 0.2, 499.62979772977354, 3.9417858615197283, 7969.920021627285
2704, 49, 337.5354223388215, 0.5815176546830622, 0.0, 0.0, 0.2, 338.27607138695987, 2.6687996623547434, 7969.920021627285
2705, 49, 421.21722900186126, 0.7256875542839536, 0.0, 0.0, 0.2, 422.1414998163376, 3.3304486703909273, 7969.920021627285
2706, 49, 569.3969414691428, 0.9809766681449772, 0.0, 0.0, 0.2, 570.6463608627871, 4.5020648636197835, 7969.920021627285
2707, 49, 131.74945731610143, 0.22698250421645816, 0.0, 0.0, 0.2, 132.03855322632555, 1.041706688928428, 7969.920021627285
2708, 49, 309.4823798181055, 0.5331869065194059, 0.0, 0.0, 0.2, 310.1614724847051, 2.446991978027744, 7969.920021627285
2709, 49, 529.9818276806649, 0.9130709521447946, 0.0, 0.0, 0.2, 531.1447590657102, 4.190420409708892, 7969.920021627285
2710, 49, 427.4531086647732, 0.736430942611423, 0.0, 0.0, 0.2, 428.39106277893, 3.379754054174199, 7969.920021627285
2711, 49, 492.5396267022706, 0.8485642383064127, 0.0, 0.0, 0.2, 493.62039921248515, 3.8943752342527573, 7969.920021627285
2712, 49, 110.32601861437752, 0.19007346592130914, 0.0, 0.0, 0.2, 110.56810538590933, 0.8723174568962244, 7969.920021627285
2713, 49, 198.63382872907027, 0.3422132036479917, 0.0, 0.0, 0.2, 199.06968803875952, 1.5705430007053867, 7969.920021627285
2714, 49, 421.21722900186126, 0.7256875542839536, 0.0, 0.0, 0.2, 422.1414998163376, 3.3304486703909277, 7969.920021627285
2715, 49, 94.62604304565426, 0.16302500710165757, 0.0, 0.0, 0.2, 94.83367959006564, 0.7481820722113942, 7969.920021627285
2716, 49, 219.8045894188381, 0.37868691955864975, 0.0, 0.0, 0.2, 220.2869034195479, 1.7379343772582443, 7969.920021627285
2717, 49, 96.23518204100367, 0.16579728720236753, 0.0, 0.0, 0.2, 96.44634949561394, 0.7609050912584425, 7969.920021627285
2718, 49, 492.5396267022706, 0.8485642383064127, 0.0, 0.0, 0.2, 493.62039921248515, 3.8943752342527573, 7969.920021627285
2719, 49, 96.23518204100367, 0.16579728720236753, 0.0, 0.0, 0.2, 96.44634949561394, 0.7609050912584425, 7969.920021627285
2720, 49, 399.81305357477885, 0.6888117036836622, 0.0, 0.0, 0.2, 400.6903576718782, 3.161211595575177, 7969.920021627285
2721, 49, 397.1937107364315, 0.6842990093361433, 0.0, 0.0, 0.2, 398.0652670955984, 3.140501325039441, 7969.920021627285
2722, 49, 117.91881175170823, 0.2031545915321259, 0.0, 0.0, 0.2, 118.17755927834217, 0.9323515819691679, 7969.920021627285
2723, 49, 358.7722963636061, 0.618105272925084, 0.0, 0.0, 0.2, 359.5595451742906, 2.8367137788468564, 7969.920021627285
2724, 49, 399.8130345028525, 0.6888117036836622, 0.0, 0.0, 0.2, 400.6903576718782, 3.1611923310031016, 7969.920021627285
2725, 49, 120.43544222568342, 0.2074903292179352, 0.0, 0.0, 0.2, 120.69971195781554, 0.9522498863091337, 7969.920021627285
2726, 48, 131.74945731610143, 0.22698250421645816, 0.0, 0.0, 0.2, 132.03855322632555, 1.041706688928428, 7969.920021627285
2727, 48, 397.1937107364315, 0.6842990093361433, 0.0, 0.0, 0.2, 398.0652670955984, 3.140501325039441, 7969.920021627285
2728, 48, 203.17362161880723, 0.3500345152485488, 0.0, 0.0, 0.2, 203.6194425303436, 1.6064378926940024, 7969.920021627285
2729, 48, 366.9979214778544, 0.7025296258540422, 0.0, 0.0, 0.2, 408.67024406400736, 3.224168369050348, 7969.920021627285
2730, 48, 96.23459331163095, 0.16579728720236753, 0.0, 0.0, 0.2, 96.44634949561394, 0.7603104151243741, 7969.920021627285
2731, 48, 309.4823798181055, 0.5331869065194059, 0.0, 0.0, 0.2, 310.1614724847051, 2.446991978027744, 7969.920021627285
2732, 48, 492.90347971260314, 0.849191096808409, 0.0, 0.0, 0.2, 493.98505062016494, 3.897252119838258, 7969.920021627285
2733, 48, 451.0909346070409, 0.7771550409037862, 0.0, 0.0, 0.2, 452.0807785943943, 3.56663009958635, 7969.920021627285
2734, 48, 242.08133163871025, 0.4170660585536543, 0.0, 0.0, 0.2, 242.61252716956125, 1.9140704452975852, 7969.920021627285
2735, 48, 284.0356741574287, 0.48934644529411575, 0.0, 0.0, 0.2, 284.6589294894005, 2.2457918817395255, 7969.920021627285
2736, 48, 88.90929550379805, 0.15317599747795552, 0.0, 0.0, 0.2, 89.10438787256118, 0.7029813231944266, 7969.920021627285
2737, 47, 397.1937107364315, 0.6842990093361433, 0.0, 0.0, 0.2, 398.0652670955984, 3.140501325039441, 7969.920021627285
2738, 47, 561.8218692623077, 0.9679260727637558, 0.0, 0.0, 0.2, 563.0546667856288, 4.44217085306577, 7969.920021627285
2739, 47, 262.1013068640601, 0.4515571616183043, 0.0, 0.0, 0.2, 262.67643193419224, 2.072362877989675, 7969.920021627285
2740, 47, 101.9706693381372, 0.17567858232210043, 0.0, 0.0, 0.2, 102.19442208876707, 0.806254010361412, 7969.920021627285
2741, 47, 411.1135373559267, 0.7869784069052802, 0.0, 0.0, 0.2, 457.7951530970785, 3.611735068944693, 7969.920021627285
2742, 47, 316.61591365022326, 0.5454768043763819, 0.0, 0.0, 0.2, 317.31065932593816, 2.5033948662065177, 7969.920021627285
2743, 47, 579.5096342688199, 0.998399163711962, 0.0, 0.0, 0.2, 580.7812437965968, 4.5820231416051485, 7969.920021627285
2744, 47, 41.27166517888666, 0.07110424669917792, 0.0, 0.0, 0.2, 41.36222699109001, 0.3263236946540836, 7969.920021627285
2745, 47, 96.15985243696909, 0.16579728720236753, 0.0, 0.0, 0.2, 96.44634949561394, 0.6848145821325982, 7969.920021627285
2746, 46, 397.1937107364315, 0.6842990093361433, 0.0, 0.0, 0.2, 398.0652670955984, 3.140501325039441, 7969.920021627285
2747, 46, 436.62332133660544, 0.7522297009429733, 0.0, 0.0, 0.2, 437.58139751451364, 3.4522604012494997, 7969.920021627285
2748, 46, 407.7754683087271, 0.7025296258540422, 0.0, 0.0, 0.2, 408.67024406400736, 3.224168369050348, 7969.920021627285
2749, 46, 316.61591365022326, 0.5454768043763819, 0.0, 0.0, 0.2, 317.31065932593816, 2.5033948662065177, 7969.920021627285
2750, 46, 560.0219510603026, 0.9648251116729206, 0.0, 0.0, 0.2, 561.2507990493978, 4.427939395352407, 7969.920021627285
2751, 46, 229.8604574896202, 0.3960115155249172, 0.0, 0.0, 0.2, 230.36483693478982, 1.817443357755846, 7969.920021627285
2752, 46, 508.9636688188036, 0.8768601439208311, 0.0, 0.0, 0.2, 510.0804803647909, 4.024235613798652, 7969.920021627285
2753, 46, 475.5307075108031, 0.8192606863165797, 0.0, 0.0, 0.2, 476.57415759802063, 3.7598903926895475, 7969.920021627285
2754, 46, 466.4209961268561, 0.8035661616882437, 0.0, 0.0, 0.2, 467.44445690741486, 3.687862412641805, 7969.920021627285
2755, 46, 96.23518204100367, 0.16579728720236753, 0.0, 0.0, 0.2, 96.44634949561394, 0.7609050912584425, 7969.920021627285
2756, 46, 127.83314015995605, 0.2202353380913259, 0.0, 0.0, 0.2, 128.1136425526352, 1.0107414473203835, 7969.920021627285
2757, 46, 94.62604304565426, 0.16302500710165757, 0.0, 0.0, 0.2, 94.83367959006564, 0.7481820722113942, 7969.920021627285
2758, 46, 474.37525459637453, 0.817270032226886, 0.0, 0.0, 0.2, 475.41616929013526, 3.7507545445864743, 7969.920021627285
2759, 46, 358.7722963636061, 0.618105272925084, 0.0, 0.0, 0.2, 359.5595451742906, 2.8367137788468564, 7969.920021627285
2760, 46, 203.1736216194106, 0.3500345152485488, 0.0, 0.0, 0.2, 203.6194425303436, 1.6064378933034704, 7969.920021627285
2761, 46, 41.27166517888666, 0.07110424669917792, 0.0, 0.0, 0.2, 41.36222699109001, 0.3263236946540836, 7969.920021627285
2762, 46, 358.7722963636061, 0.618105272925084, 0.0, 0.0, 0.2, 359.5595451742906, 2.8367137788468564, 7969.920021627285
2763, 46, 203.1736216194106, 0.3500345152485488, 0.0, 0.0, 0.2, 203.6194425303436, 1.6064378933034704, 7969.920021627285
2764, 46, 229.8604574896202, 0.3960115155249172, 0.0, 0.0, 0.2, 230.36483693478982, 1.817443357755846, 7969.920021627285
2765, 46, 131.74945731610143, 0.22698250421645816, 0.0, 0.0, 0.2, 132.03855322632555, 1.041706688928428, 7969.920021627285
2766, 46, 271.1163040278584, 0.4670885093249877, 0.0, 0.0, 0.2, 271.7112105746192, 2.1436419787731276, 7969.920021627285
2767, 46, 118.32857240270991, 0.22651171255457625, 0.0, 0.0, 0.2, 131.76468784572944, 1.03954605181251, 7969.920021627285
2768, 46, 96.23518204100367, 0.16579728720236753, 0.0, 0.0, 0.2, 96.44634949561394, 0.7609050912584425, 7969.920021627285
2769, 46, 309.4823798181055, 0.5331869065194059, 0.0, 0.0, 0.2, 310.1614724847051, 2.446991978027744, 7969.920021627285
2770, 45, 465.67613953692546, 0.8022828970926335, 0.0, 0.0, 0.2, 466.6979658895462, 3.681973036641101, 7969.920021627285
2771, 45, 143.09845958085432, 0.2465349563243352, 0.0, 0.0, 0.2, 143.41245844101616, 1.1314401255033661, 7969.920021627285
2772, 45, 462.3183480854046, 0.884997753660294, 0.0, 0.0, 0.2, 514.8142294280865, 4.061582115577502, 7969.920021627285
2773, 45, 63.4714720295489, 0.10935083878946028, 0.0, 0.0, 0.2, 63.610746553736284, 0.5018514559090648, 7969.920021627285
2774, 45, 560.0219510603026, 0.9648251116729206, 0.0, 0.0, 0.2, 561.2507990493978, 4.427939395352407, 7969.920021627285
2775, 45, 423.32004598642413, 0.7293103598331241, 0.0, 0.0, 0.2, 424.24893098150187, 3.3470750653912176, 7969.920021627285
2776, 45, 228.54436012644098, 0.3937440976442471, 0.0, 0.0, 0.2, 229.04585167838582, 1.807037338221242, 7969.920021627285
2777, 45, 423.32004598642413, 0.7293103598331241, 0.0, 0.0, 0.2, 424.24893098150187, 3.3470750653912176, 7969.920021627285
2778, 45, 360.71835695873534, 0.6214580131658245, 0.0, 0.0, 0.2, 361.50987598176505, 2.8521007442302686, 7969.920021627285
2779, 45, 127.8331401595764, 0.2202353380913259, 0.0, 0.0, 0.2, 128.1136425526352, 1.0107414469369176, 7969.920021627285
2780, 45, 198.63382872907027, 0.3422132036479917, 0.0, 0.0, 0.2, 199.06968803875952, 1.5705430007053867, 7969.920021627285
2781, 45, 519.816023730422, 0.8955624335600452, 0.0, 0.0, 0.2, 520.9598354697404, 4.106855167049499, 7969.920021627285
2782, 45, 131.74945731610143, 0.22698250421645816, 0.0, 0.0, 0.2, 132.03855322632555, 1.041706688928428, 7969.920021627285
2783, 45, 513.6870534282273, 0.884997753660294, 0.0, 0.0, 0.2, 514.8142294280865, 4.061582115577502, 7969.920021627285
2784, 45, 131.74945731610143, 0.22698250421645816, 0.0, 0.0, 0.2, 132.03855322632555, 1.041706688928428, 7969.920021627285
2785, 45, 94.62604304565426, 0.16302500710165757, 0.0, 0.0, 0.2, 94.83367959006564, 0.7481820722113942, 7969.920021627285
2786, 44, 513.6870534282273, 0.884997753660294, 0.0, 0.0, 0.2, 514.8142294280865, 4.061582115577502, 7969.920021627285
2787, 44, 127.83314015995605, 0.2202353380913259, 0.0, 0.0, 0.2, 128.1136425526352, 1.0107414473203835, 7969.920021627285
2788, 44, 492.5396267022706, 0.8485642383064127, 0.0, 0.0, 0.2, 493.62039921248515, 3.8943752342527573, 7969.920021627285
2789, 44, 219.8045894188381, 0.37868691955864975, 0.0, 0.0, 0.2, 220.2869034195479, 1.7379343772582443, 7969.920021627285
2790, 44, 508.9636688188036, 0.8768601439208311, 0.0, 0.0, 0.2, 510.0804803647909, 4.024235613798652, 7969.920021627285
2791, 44, 230.10652339202244, 0.3964354463392622, 0.0, 0.0, 0.2, 230.61144277600835, 1.819388933105235, 7969.920021627285
2792, 44, 361.6759795703101, 0.6231078383939317, 0.0, 0.0, 0.2, 362.46959989065203, 2.8596724025905234, 7969.920021627285
2793, 44, 197.8241304769543, 0.37868691955864975, 0.0, 0.0, 0.2, 220.2869034195479, 1.7379343772582443, 7969.920021627285
2794, 44, 397.1937107364315, 0.6842990093361433, 0.0, 0.0, 0.2, 398.0652670955984, 3.140501325039441, 7969.920021627285
2795, 44, 209.99192154951885, 0.36178131727841745, 0.0, 0.0, 0.2, 210.45270375641945, 1.6603483138016197, 7969.920021627285
2796, 44, 561.8218692623077, 0.9679260727637558, 0.0, 0.0, 0.2, 563.0546667856288, 4.44217085306577, 7969.920021627285
2797, 44, 446.05951483433654, 0.7684867002051956, 0.0, 0.0, 0.2, 447.03829671383806, 3.5268697854917845, 7969.920021627285
2798, 44, 297.2147252549405, 0.5120517685815789, 0.0, 0.0, 0.2, 297.8668991862792, 2.3499950106303635, 7969.920021627285
2799, 43, 360.71835695873534, 0.6214580131658245, 0.0, 0.0, 0.2, 361.50987598176505, 2.8521007442302686, 7969.920021627285
2800, 43, 407.7754683087271, 0.7025296258540422, 0.0, 0.0, 0.2, 408.67024406400736, 3.224168369050348, 7969.920021627285
2801, 43, 360.71835695873534, 0.6214580131658245, 0.0, 0.0, 0.2, 361.50987598176505, 2.8521007442302686, 7969.920021627285
2802, 43, 284.0356741574287, 0.48934644529411575, 0.0, 0.0, 0.2, 284.6589294894005, 2.2457918817395255, 7969.920021627285
2803, 43, 309.4823798181055, 0.5331869065194059, 0.0, 0.0, 0.2, 310.1614724847051, 2.446991978027744, 7969.920021627285
2804, 43, 516.9468092166068, 0.890613773240589, 0.0, 0.0, 0.2, 518.0811380509895, 4.087356107199197, 7969.920021627285
2805, 43, 242.08133163871025, 0.4170660585536543, 0.0, 0.0, 0.2, 242.61252716956125, 1.9140704452975852, 7969.920021627285
2806, 43, 284.0356741574287, 0.48934644529411575, 0.0, 0.0, 0.2, 284.6589294894005, 2.2457918817395255, 7969.920021627285
2807, 43, 271.1163040278584, 0.4670885093249877, 0.0, 0.0, 0.2, 271.7112105746192, 2.1436419787731276, 7969.920021627285
2808, 43, 202.54885820877135, 0.3489581513197815, 0.0, 0.0, 0.2, 202.9933082104759, 1.6014980610102776, 7969.920021627285
2809, 43, 311.7409044314937, 0.5370779705360977, 0.0, 0.0, 0.2, 312.4249529456708, 2.464849510383502, 7969.920021627285
2810, 43, 41.255157704265315, 0.07107581047063238, 0.0, 0.0, 0.2, 41.34568528233881, 0.32619118661605156, 7969.920021627285
2811, 43, 284.0356741574287, 0.48934644529411575, 0.0, 0.0, 0.2, 284.6589294894005, 2.2457918817395255, 7969.920021627285
2812, 43, 451.09095629636784, 0.7771550409037862, 0.0, 0.0, 0.2, 452.0807785943943, 3.5666520079974506, 7969.920021627285
2813, 43, 234.5872958977951, 0.4041550755878621, 0.0, 0.0, 0.2, 235.10204737545678, 1.8548171677706051, 7969.920021627285
2814, 43, 569.3969414691428, 0.9809766681449772, 0.0, 0.0, 0.2, 570.6463608627871, 4.5020648636197835, 7969.920021627285
2815, 42, 361.6759795703101, 0.6231078383939317, 0.0, 0.0, 0.2, 362.46959989065203, 2.8596724025905234, 7969.920021627285
2816, 42, 569.3969414691428, 0.9809766681449772, 0.0, 0.0, 0.2, 570.6463608627871, 4.5020648636197835, 7969.920021627285
2817, 42, 444.18354697089575, 0.7652547181375067, 0.0, 0.0, 0.2, 445.15821244150965, 3.5120370240415997, 7969.920021627285
2818, 42, 230.10652339202244, 0.3964354463392622, 0.0, 0.0, 0.2, 230.61144277600835, 1.819388933105235, 7969.920021627285
2819, 42, 182.84947818510537, 0.31501938071403035, 0.0, 0.0, 0.2, 183.25070212489814, 1.4457404863193954, 7969.920021627285
2820, 42, 407.7754683087271, 0.7025296258540422, 0.0, 0.0, 0.2, 408.67024406400736, 3.224168369050348, 7969.920021627285
2821, 42, 519.8192037819093, 0.8955624335600452, 0.0, 0.0, 0.2, 520.9598354697404, 4.110067340268932, 7969.920021627285
2822, 42, 213.2510832692253, 0.3673963133767352, 0.0, 0.0, 0.2, 213.71901700709324, 1.6861176082858618, 7969.920021627285
2823, 42, 399.8130537266386, 0.6888117036836622, 0.0, 0.0, 0.2, 400.6903576718782, 3.1612117489689298, 7969.920021627285
2824, 42, 117.91809037033187, 0.2031545915321259, 0.0, 0.0, 0.2, 118.17755927834217, 0.9316229139122347, 7969.920021627285
2825, 42, 492.90347971260314, 0.849191096808409, 0.0, 0.0, 0.2, 493.98505062016494, 3.897252119838258, 7969.920021627285
2826, 42, 203.1736216194106, 0.3500345152485488, 0.0, 0.0, 0.2, 203.6194425303436, 1.6064378933034704, 7969.920021627285
2827, 42, 270.66894565478407, 0.4663177849070571, 0.0, 0.0, 0.2, 271.26287056959967, 2.1401048392731012, 7969.920021627285
2828, 42, 579.5096342688199, 0.998399163711962, 0.0, 0.0, 0.2, 580.7812437965968, 4.5820231416051485, 7969.920021627285
2829, 42, 202.54885820877135, 0.3489581513197815, 0.0, 0.0, 0.2, 202.9933082104759, 1.6014980610102776, 7969.920021627285
2830, 42, 127.83314015995605, 0.2202353380913259, 0.0, 0.0, 0.2, 128.1136425526352, 1.0107414473203835, 7969.920021627285
2831, 42, 445.71035472557287, 0.7684867002051956, 0.0, 0.0, 0.2, 447.03829671383806, 3.174182806942606, 7969.920021627285
2832, 41, 335.8940543818259, 0.5786898494168468, 0.0, 0.0, 0.2, 336.6311018002255, 2.6558218177804567, 7969.920021627285
2833, 41, 316.61591365022326, 0.5454768043763819, 0.0, 0.0, 0.2, 317.31065932593816, 2.5033948662065177, 7969.920021627285
2834, 41, 286.9421666426827, 0.4943538506848373, 0.0, 0.0, 0.2, 287.57179964867083, 2.2687727176753056, 7969.920021627285
2835, 41, 465.6761395355425, 0.8022828970926335, 0.0, 0.0, 0.2, 466.6979658895462, 3.6819730352441944, 7969.920021627285
2836, 41, 230.10652339202244, 0.3964354463392622, 0.0, 0.0, 0.2, 230.61144277600835, 1.819388933105235, 7969.920021627285
2837, 41, 397.1937107364315, 0.6842990093361433, 0.0, 0.0, 0.2, 398.0652670955984, 3.140501325039441, 7969.920021627285
2838, 41, 529.9818274793636, 0.9130709521447946, 0.0, 0.0, 0.2, 531.1447590657102, 4.190420206374197, 7969.920021627285
2839, 41, 198.63382872907027, 0.3422132036479917, 0.0, 0.0, 0.2, 199.06968803875952, 1.5705430007053867, 7969.920021627285
2840, 40, 481.3295558342476, 0.8292511419954129, 0.0, 0.0, 0.2, 482.3857302496595, 3.8057402899845347, 7969.920021627285
2841, 40, 230.10652339202244, 0.3964354463392622, 0.0, 0.0, 0.2, 230.61144277600835, 1.819388933105235, 7969.920021627285
2842, 40, 361.6759795703101, 0.6231078383939317, 0.0, 0.0, 0.2, 362.46959989065203, 2.8596724025905234, 7969.920021627285
2843, 40, 219.8045894188381, 0.37868691955864975, 0.0, 0.0, 0.2, 220.2869034195479, 1.7379343772582443, 7969.920021627285
2844, 40, 337.5354223388215, 0.5815176546830622, 0.0, 0.0, 0.2, 338.27607138695987, 2.6687996623547434, 7969.920021627285
2845, 40, 88.90929550379805, 0.15317599747795552, 0.0, 0.0, 0.2, 89.10438787256118, 0.7029813231944266, 7969.920021627285
2846, 40, 219.8045894188381, 0.37868691955864975, 0.0, 0.0, 0.2, 220.2869034195479, 1.7379343772582443, 7969.920021627285
2847, 40, 284.0356741574287, 0.48934644529411575, 0.0, 0.0, 0.2, 284.6589294894005, 2.2457918817395255, 7969.920021627285
2848, 40, 572.5533037191352, 0.9864145577751305, 0.0, 0.0, 0.2, 573.8096490723716, 4.527021350997256, 7969.920021627285
2849, 40, 127.83314015995605, 0.2202353380913259, 0.0, 0.0, 0.2, 128.1136425526352, 1.0107414473203835, 7969.920021627285
2850, 40, 286.9421666426827, 0.4943538506848373, 0.0, 0.0, 0.2, 287.57179964867083, 2.2687727176753056, 7969.920021627285
2851, 40, 131.74945731610143, 0.22698250421645816, 0.0, 0.0, 0.2, 132.03855322632555, 1.041706688928428, 7969.920021627285
2852, 40, 561.8218692623077, 0.9679260727637558, 0.0, 0.0, 0.2, 563.0546667856288, 4.44217085306577, 7969.920021627285
2853, 40, 513.6870534282273, 0.884997753660294, 0.0, 0.0, 0.2, 514.8142294280865, 4.061582115577502, 7969.920021627285
2854, 40, 230.10652339202244, 0.3964354463392622, 0.0, 0.0, 0.2, 230.61144277600835, 1.819388933105235, 7969.920021627285
2855, 39, 131.74945726605944, 0.22698250421645816, 0.0, 0.0, 0.2, 132.03855322632555, 1.0417066383809668, 7969.920021627285
2856, 39, 529.9818276806649, 0.9130709521447946, 0.0, 0.0, 0.2, 531.1447590657102, 4.190420409708892, 7969.920021627285
2857, 39, 82.84323231680426, 0.14272517488008063, 0.0, 0.0, 0.2, 83.02501404323529, 0.6550186000013476, 7969.920021627285
2858, 39, 451.09095629636784, 0.7771550409037862, 0.0, 0.0, 0.2, 452.0807785943943, 3.5666520079974506, 7969.920021627285
2859, 39, 143.09845958085432, 0.2465349563243352, 0.0, 0.0, 0.2, 143.41245844101616, 1.1314401255033664, 7969.920021627285
2860, 39, 456.792819284363, 0.7869784069052802, 0.0, 0.0, 0.2, 457.7951530970785, 3.611735068944693, 7969.920021627285
2861, 39, 492.5396267022706, 0.8485642383064127, 0.0, 0.0, 0.2, 493.62039921248515, 3.8943752342527573, 7969.920021627285
2862, 39, 352.37701432078444, 0.6070872606856301, 0.0, 0.0, 0.2, 353.150230057474, 2.7861480443284417, 7969.920021627285
2863, 39, 219.80323522817773, 0.37868691955864975, 0.0, 0.0, 0.2, 220.2869034195479, 1.7365665079043406, 7969.920021627285
2864, 39, 262.1013068640601, 0.4515571616183043, 0.0, 0.0, 0.2, 262.67643193419224, 2.072362877989675, 7969.920021627285
2865, 39, 271.1163040278584, 0.4670885093249877, 0.0, 0.0, 0.2, 271.7112105746192, 2.1436419787731276, 7969.920021627285
2866, 39, 101.9706693381372, 0.17567858232210043, 0.0, 0.0, 0.2, 102.19442208876707, 0.806254010361412, 7969.920021627285
2867, 39, 316.61591365022326, 0.5454768043763819, 0.0, 0.0, 0.2, 317.31065932593816, 2.5033948662065177, 7969.920021627285
2868, 39, 286.94216664268265, 0.4943538506848373, 0.0, 0.0, 0.2, 287.57179964867083, 2.268772717675252, 7969.920021627285
2869, 38, 270.66894565478407, 0.4663177849070571, 0.0, 0.0, 0.2, 271.26287056959967, 2.1401048392731012, 7969.920021627285
2870, 38, 577.8508739306747, 0.9955413942522838, 0.0, 0.0, 0.2, 579.1188436648648, 4.568907780261161, 7969.920021627285
2871, 38, 270.9118520658323, 0.466739127769094, 0.0, 0.0, 0.2, 271.5079709666881, 2.1403644533445707, 7969.920021627285
2872, 38, 131.47618523693657, 0.22651171255457625, 0.0, 0.0, 0.2, 131.76468784572944, 1.0395396663276881, 7969.920021627285
2873, 38, 358.7722963636061, 0.618105272925084, 0.0, 0.0, 0.2, 359.5595451742906, 2.8367137788468564, 7969.920021627285
2874, 38, 399.8130537266386, 0.6888117036836622, 0.0, 0.0, 0.2, 400.6903576718782, 3.1612117489689298, 7969.920021627285
2875, 38, 203.1736216194106, 0.3500345152485488, 0.0, 0.0, 0.2, 203.6194425303436, 1.6064378933034704, 7969.920021627285
2876, 38, 316.61591365022326, 0.5454768043763819, 0.0, 0.0, 0.2, 317.31065932593816, 2.5033948662065177, 7969.920021627285
2877, 38, 451.09095629636784, 0.7771550409037862, 0.0, 0.0, 0.2, 452.0807785943943, 3.5666520079974506, 7969.920021627285
2878, 38, 438.79905127891783, 0.839975692719798, 0.0, 0.0, 0.2, 488.62433514362857, 3.854959221037874, 7969.920021627285
2879, 38, 230.10652339202244, 0.3964354463392622, 0.0, 0.0, 0.2, 230.61144277600835, 1.819388933105235, 7969.920021627285
2880, 38, 316.615913649283, 0.5454768043763819, 0.0, 0.0, 0.2, 317.31065932593816, 2.503394865256752, 7969.920021627285
2881, 38, 178.77044585616326, 0.3422132036479917, 0.0, 0.0, 0.2, 199.06968803875952, 1.5705430007053867, 7969.920021627285
2882, 38, 560.0219510603025, 0.9648251116729206, 0.0, 0.0, 0.2, 561.2507990493978, 4.427939395352302, 7969.920021627285
2883, 38, 446.05951483433654, 0.7684867002051956, 0.0, 0.0, 0.2, 447.03829671383806, 3.5268697854917845, 7969.920021627285
2884, 38, 361.6759621802208, 0.6231078383939317, 0.0, 0.0, 0.2, 362.46959989065203, 2.859654836843708, 7969.920021627285
2885, 37, 387.43321133727426, 0.667483284695644, 0.0, 0.0, 0.2, 388.28335037629734, 3.0633277421615266, 7969.920021627285
2886, 37, 423.8404339286346, 0.7302069021088435, 0.0, 0.0, 0.2, 424.7704608033746, 3.3511896295896704, 7969.920021627285
2887, 37, 451.09095629636784, 0.7771550409037862, 0.0, 0.0, 0.2, 452.0807785943943, 3.5666520079974506, 7969.920021627285
2888, 37, 358.7722963636061, 0.618105272925084, 0.0, 0.0, 0.2, 359.5595451742906, 2.8367137788468564, 7969.920021627285
2889, 37, 475.5307075108031, 0.8192606863165797, 0.0, 0.0, 0.2, 476.57415759802063, 3.7598903926895475, 7969.920021627285
2890, 37, 399.8130537266386, 0.6888117036836622, 0.0, 0.0, 0.2, 400.6903576718782, 3.1612117489689298, 7969.920021627285
2891, 37, 219.8045894188381, 0.37868691955864975, 0.0, 0.0, 0.2, 220.2869034195479, 1.7379343772582443, 7969.920021627285
2892, 37, 407.7754683087271, 0.7025296258540422, 0.0, 0.0, 0.2, 408.67024406400736, 3.224168369050348, 7969.920021627285
2893, 36, 131.74945731610143, 0.22698250421645816, 0.0, 0.0, 0.2, 132.03855322632555, 1.041706688928428, 7969.920021627285
2894, 36, 476.0433430713732, 0.8201438725221171, 0.0, 0.0, 0.2, 477.0879180273152, 3.7639436609405674, 7969.920021627285
2895, 36, 444.18354697089575, 0.7652547181375067, 0.0, 0.0, 0.2, 445.15821244150965, 3.5120370240415997, 7969.920021627285
2896, 36, 475.5307075108031, 0.8192606863165797, 0.0, 0.0, 0.2, 476.57415759802063, 3.7598903926895475, 7969.920021627285
2897, 36, 54.465330197204295, 0.09383474735289732, 0.0, 0.0, 0.2, 54.58484267588752, 0.4306423717935819, 7969.920021627285
2898, 36, 492.5396267022706, 0.8485642383064127, 0.0, 0.0, 0.2, 493.62039921248515, 3.8943752342527573, 7969.920021627285
2899, 36, 127.83314015995605, 0.2202353380913259, 0.0, 0.0, 0.2, 128.1136425526352, 1.0107414473203835, 7969.920021627285
2900, 36, 270.91350940919756, 0.466739127769094, 0.0, 0.0, 0.2, 271.5079709666881, 2.1420385375518793, 7969.920021627285
2901, 36, 203.1736216194106, 0.3500345152485488, 0.0, 0.0, 0.2, 203.6194425303436, 1.6064378933034704, 7969.920021627285
2902, 36, 579.5096342688199, 0.998399163711962, 0.0, 0.0, 0.2, 580.7812437965968, 4.5820231416051485, 7969.920021627285
2903, 36, 229.8604574896202, 0.3960115155249172, 0.0, 0.0, 0.2, 230.36483693478982, 1.817443357755846, 7969.920021627285
2904, 36, 407.7754683087271, 0.7025296258540422, 0.0, 0.0, 0.2, 408.67024406400736, 3.224168369050348, 7969.920021627285
2905, 36, 117.91881170691948, 0.2031545915321259, 0.0, 0.0, 0.2, 118.17755927834217, 0.932351536728021, 7969.920021627285
2906, 36, 203.1736216194106, 0.3500345152485488, 0.0, 0.0, 0.2, 203.6194425303436, 1.6064378933034704, 7969.920021627285
2907, 36, 508.9636688188036, 0.8768601439208311, 0.0, 0.0, 0.2, 510.0804803647909, 4.024235613798652, 7969.920021627285
2908, 36, 271.1163040278584, 0.4670885093249877, 0.0, 0.0, 0.2, 271.7112105746192, 2.1436419787731276, 7969.920021627285
2909, 36, 423.8404339286346, 0.7302069021088435, 0.0, 0.0, 0.2, 424.7704608033746, 3.3511896295896704, 7969.920021627285
2910, 35, 560.0219510586395, 0.9648251116729206, 0.0, 0.0, 0.2, 561.2507990493978, 4.427939393672488, 7969.920021627285
2911, 35, 182.84947818510537, 0.31501938071403035, 0.0, 0.0, 0.2, 183.25070212489814, 1.4457404863193954, 7969.920021627285
2912, 35, 230.10652339202244, 0.3964354463392622, 0.0, 0.0, 0.2, 230.61144277600835, 1.819388933105235, 7969.920021627285
2913, 35, 467.8372834037184, 0.8955624335600452, 0.0, 0.0, 0.2, 520.9598354697404, 4.110067340268932, 7969.920021627285
2914, 35, 88.90929550379805, 0.15317599747795552, 0.0, 0.0, 0.2, 89.10438787256118, 0.7029813231944266, 7969.920021627285
2915, 35, 117.9188117517082, 0.2031545915321259, 0.0, 0.0, 0.2, 118.17755927834217, 0.9323515819691458, 7969.920021627285
2916, 35, 451.09095629636784, 0.7771550409037862, 0.0, 0.0, 0.2, 452.0807785943943, 3.5666520079974493, 7969.920021627285
2917, 35, 399.8130537266386, 0.6888117036836622, 0.0, 0.0, 0.2, 400.6903576718782, 3.1612117489689298, 7969.920021627285
2918, 35, 309.4823798181055, 0.5331869065194059, 0.0, 0.0, 0.2, 310.1614724847051, 2.446991978027744, 7969.920021627285
2919, 35, 101.9706693381372, 0.17567858232210043, 0.0, 0.0, 0.2, 102.19442208876707, 0.806254010361412, 7969.920021627285
2920, 35, 127.83314015995605, 0.2202353380913259, 0.0, 0.0, 0.2, 128.1136425526352, 1.0107414473203835, 7969.920021627285
2921, 35, 316.6158984267168, 0.5454768043763819, 0.0, 0.0, 0.2, 317.31065932593816, 2.503379488927279, 7969.920021627285
2922, 34, 497.048905721625, 0.8563329795587434, 0.0, 0.0, 0.2, 498.1395728769418, 3.930028862073294, 7969.920021627285
2923, 34, 456.7927971647274, 0.7869784069052802, 0.0, 0.0, 0.2, 457.7951530970785, 3.6117127258784474, 7969.920021627285
2924, 34, 520.7032293279484, 0.8970854632280149, 0.0, 0.0, 0.2, 521.8458008201258, 4.11705708689296, 7969.920021627285
2925, 34, 358.7722963636061, 0.618105272925084, 0.0, 0.0, 0.2, 359.5595451742906, 2.836713778846855, 7969.920021627285
2926, 34, 465.67613953692546, 0.8022828970926335, 0.0, 0.0, 0.2, 466.6979658895462, 3.681973036641101, 7969.920021627285
2927, 34, 229.8604574896202, 0.3960115155249172, 0.0, 0.0, 0.2, 230.36483693478982, 1.817443357755846, 7969.920021627285
2928, 34, 513.6870534282273, 0.884997753660294, 0.0, 0.0, 0.2, 514.8142294280865, 4.061582115577502, 7969.920021627285
2929, 34, 229.8604574896202, 0.3960115155249172, 0.0, 0.0, 0.2, 230.36483693478982, 1.817443357755846, 7969.920021627285
2930, 34, 309.48237981810547, 0.5331869065194059, 0.0, 0.0, 0.2, 310.1614724847051, 2.4469919780276856, 7969.920021627285
2931, 34, 397.19371073642213, 0.6842990093361433, 0.0, 0.0, 0.2, 398.0652670955984, 3.140501325030017, 7969.920021627285
2932, 34, 508.9636688188036, 0.8768601439208311, 0.0, 0.0, 0.2, 510.0804803647909, 4.024235613798652, 7969.920021627285
2933, 34, 446.05951466491115, 0.7684867002051956, 0.0, 0.0, 0.2, 447.03829671383806, 3.5268696143550176, 7969.920021627285
2934, 33, 241.27010700008202, 0.4156684527971757, 0.0, 0.0, 0.2, 241.79952247255497, 1.9076563154066741, 7969.920021627285
2935, 33, 202.54885820877135, 0.3489581513197815, 0.0, 0.0, 0.2, 202.9933082104759, 1.6014980610102776, 7969.920021627285
2936, 33, 127.83314015995605, 0.2202353380913259, 0.0, 0.0, 0.2, 128.1136425526352, 1.0107414473203835, 7969.920021627285
2937, 33, 276.98752026587175, 0.47720364294032547, 0.0, 0.0, 0.2, 277.59530993668506, 2.190064069246029, 7969.920021627285
2938, 33, 131.47619155856657, 0.22651171255457625, 0.0, 0.0, 0.2, 131.76468784572944, 1.03954605181251, 7969.920021627285
2939, 33, 131.47619155856657, 0.22651171255457625, 0.0, 0.0, 0.2, 131.76468784572944, 1.03954605181251, 7969.920021627285
2940, 33, 309.4823798181055, 0.5331869065194059, 0.0, 0.0, 0.2, 310.1614724847051, 2.446991978027744, 7969.920021627285
2941, 33, 498.5358677553804, 0.8588947689806674, 0.0, 0.0, 0.2, 499.62979772977354, 3.941785861519822, 7969.920021627285
2942, 33, 374.83094340221555, 0.6457716633103316, 0.0, 0.0, 0.2, 375.6534294675891, 2.9636850801033336, 7969.920021627285
2943, 33, 337.5354223388215, 0.5815176546830622, 0.0, 0.0, 0.2, 338.27607138695987, 2.6687996623547434, 7969.920021627285
2944, 33, 270.66894565478407, 0.4663177849070571, 0.0, 0.0, 0.2, 271.26287056959967, 2.1401048392731012, 7969.920021627285
2945, 33, 316.6159136502232, 0.5454768043763819, 0.0, 0.0, 0.2, 317.31065932593816, 2.5033948662064582, 7969.920021627285
2946, 33, 127.83314015995303, 0.2202353380913259, 0.0, 0.0, 0.2, 128.1136425526352, 1.0107414473173506, 7969.920021627285
2947, 33, 270.91350940919756, 0.466739127769094, 0.0, 0.0, 0.2, 271.5079709666881, 2.1420385375518793, 7969.920021627285
2948, 33, 198.63382872907027, 0.3422132036479917, 0.0, 0.0, 0.2, 199.06968803875952, 1.5705430007053867, 7969.920021627285
2949, 33, 230.10652339202244, 0.3964354463392622, 0.0, 0.0, 0.2, 230.61144277600835, 1.819388933105235, 7969.920021627285
2950, 32, 577.8508737111914, 0.9955413942522838, 0.0, 0.0, 0.2, 579.1188436648648, 4.568907558560857, 7969.920021627285
2951, 32, 219.8045894188381, 0.37868691955864975, 0.0, 0.0, 0.2, 220.2869034195479, 1.7379343772582443, 7969.920021627285
2952, 32, 101.9706693381372, 0.17567858232210043, 0.0, 0.0, 0.2, 102.19442208876707, 0.806254010361412, 7969.920021627285
2953, 32, 337.5354223388215, 0.5815176546830622, 0.0, 0.0, 0.2, 338.27607138695987, 2.6687996623547434, 7969.920021627285
2954, 32, 117.91881175170823, 0.2031545915321259, 0.0, 0.0, 0.2, 118.17755927834217, 0.9323515819691679, 7969.920021627285
2955, 32, 426.50077747670014, 0.7347902336300294, 0.0, 0.0, 0.2, 427.4366419044381, 3.372224233642865, 7969.920021627285
2956, 32, 213.6938221225286, 0.3681590791268482, 0.0, 0.0, 0.2, 214.1627273557969, 1.6896182225147913, 7969.920021627285
2957, 32, 88.90929550379805, 0.15317599747795552, 0.0, 0.0, 0.2, 89.10438787256118, 0.7029813231944266, 7969.920021627285
2958, 32, 284.0356741574287, 0.48934644529411575, 0.0, 0.0, 0.2, 284.6589294894005, 2.2457918817395255, 7969.920021627285
2959, 32, 421.21722900186126, 0.7256875542839536, 0.0, 0.0, 0.2, 422.1414998163376, 3.3304486703909277, 7969.920021627285
2960, 32, 284.0356741574287, 0.48934644529411575, 0.0, 0.0, 0.2, 284.6589294894005, 2.2457918817395255, 7969.920021627285
2961, 32, 529.9818276806649, 0.9130709521447946, 0.0, 0.0, 0.2, 531.1447590657102, 4.190420409708892, 7969.920021627285
2962, 32, 101.9706693381372, 0.17567858232210043, 0.0, 0.0, 0.2, 102.19442208876707, 0.806254010361412, 7969.920021627285
2963, 32, 271.1163040270533, 0.4670885093249877, 0.0, 0.0, 0.2, 271.7112105746192, 2.1436419779598492, 7969.920021627285
2964, 31, 101.9706693381372, 0.17567858232210043, 0.0, 0.0, 0.2, 102.19442208876707, 0.806254010361412, 7969.920021627285
2965, 31, 88.90929550379805, 0.15317599747795552, 0.0, 0.0, 0.2, 89.10438787256118, 0.7029813231944266, 7969.920021627285
2966, 31, 297.21472525494045, 0.5120517685815789, 0.0, 0.0, 0.2, 297.8668991862792, 2.349995010630308, 7969.920021627285
2967, 31, 230.1015305766262, 0.39642684454488064, 0.0, 0.0, 0.2, 230.6064390049502, 1.8193494562883985, 7969.920021627285
2968, 31, 451.09095629636784, 0.7771550409037862, 0.0, 0.0, 0.2, 452.0807785943943, 3.5666520079974506, 7969.920021627285
2969, 31, 234.61804301386002, 0.4042080477787464, 0.0, 0.0, 0.2, 235.13286195946947, 1.8550602767527795, 7969.920021627285
2970, 31, 513.6870534282273, 0.884997753660294, 0.0, 0.0, 0.2, 514.8142294280865, 4.061582115577502, 7969.920021627285
2971, 31, 529.9818276806649, 0.9130709521447946, 0.0, 0.0, 0.2, 531.1447590657102, 4.190420409708892, 7969.920021627285
2972, 31, 374.83094340221555, 0.6457716633103316, 0.0, 0.0, 0.2, 375.6534294675891, 2.9636850801033336, 7969.920021627285
2973, 31, 316.6159136502158, 0.5454768043763819, 0.0, 0.0, 0.2, 317.31065932593816, 2.503394866199006, 7969.920021627285
2974, 31, 101.9706693381372, 0.17567858232210043, 0.0, 0.0, 0.2, 102.19442208876707, 0.806254010361412, 7969.920021627285
2975, 31, 284.0356741574287, 0.48934644529411575, 0.0, 0.0, 0.2, 284.6589294894005, 2.2457918817395255, 7969.920021627285
2976, 31, 569.3934581203605, 0.9809766681449772, 0.0, 0.0, 0.2, 570.6463608627871, 4.498546329496171, 7969.920021627285
2977, 31, 143.09845958085432, 0.2465349563243352, 0.0, 0.0, 0.2, 143.41245844101616, 1.1314401255033664, 7969.920021627285
2978, 30, 101.9706693381372, 0.17567858232210043, 0.0, 0.0, 0.2, 102.19442208876707, 0.806254010361412, 7969.920021627285
2979, 30, 492.5396267022706, 0.8485642383064127, 0.0, 0.0, 0.2, 493.62039921248515, 3.8943752342527573, 7969.920021627285
2980, 30, 560.0219510603026, 0.9648251116729206, 0.0, 0.0, 0.2, 561.2507990493978, 4.427939395352407, 7969.920021627285
2981, 30, 483.5918870103839, 0.8331487640895544, 0.0, 0.0, 0.2, 484.6530256260583, 3.823627919784012, 7969.920021627285
2982, 30, 481.3295558342476, 0.8292511419954129, 0.0, 0.0, 0.2, 482.3857302496595, 3.8057402899845347, 7969.920021627285
2983, 30, 492.90347971260314, 0.849191096808409, 0.0, 0.0, 0.2, 493.98505062016494, 3.897252119838258, 7969.920021627285
2984, 30, 96.23518204100367, 0.16579728720236753, 0.0, 0.0, 0.2, 96.44634949561394, 0.7609050912584425, 7969.920021627285
2985, 30, 358.7722963636061, 0.618105272925084, 0.0, 0.0, 0.2, 359.5595451742906, 2.8367137788468564, 7969.920021627285
2986, 30, 203.1736216194106, 0.3500345152485488, 0.0, 0.0, 0.2, 203.6194425303436, 1.6064378933034704, 7969.920021627285
2987, 30, 271.1163040278584, 0.4670885093249877, 0.0, 0.0, 0.2, 271.7112105746192, 2.1436419787731276, 7969.920021627285
2988, 30, 94.62604304565426, 0.16302500710165757, 0.0, 0.0, 0.2, 94.83367959006564, 0.7481820722113942, 7969.920021627285
2989, 30, 88.90929550379805, 0.15317599747795552, 0.0, 0.0, 0.2, 89.10438787256118, 0.7029813231944266, 7969.920021627285
2990, 30, 271.11630402785204, 0.4670885093249877, 0.0, 0.0, 0.2, 271.7112105746192, 2.143641978766695, 7969.920021627285
2991, 30, 487.5545014210198, 0.839975692719798, 0.0, 0.0, 0.2, 488.62433514362857, 3.854959221037874, 7969.920021627285
2992, 30, 182.84946939334827, 0.31501938071403035, 0.0, 0.0, 0.2, 183.25070212489814, 1.445731605756658, 7969.920021627285
2993, 30, 88.90929550379805, 0.15317599747795552, 0.0, 0.0, 0.2, 89.10438787256118, 0.7029813231944266, 7969.920021627285
2994, 30, 230.1015305766262, 0.39642684454488064, 0.0, 0.0, 0.2, 230.6064390049502, 1.8193494562883985, 7969.920021627285
2995, 29, 407.7754683087271, 0.7025296258540422, 0.0, 0.0, 0.2, 408.67024406400736, 3.224168369050348, 7969.920021627285
2996, 29, 203.1736216194106, 0.3500345152485488, 0.0, 0.0, 0.2, 203.6194425303436, 1.6064378933034704, 7969.920021627285
2997, 29, 436.62332133660544, 0.7522297009429733, 0.0, 0.0, 0.2, 437.58139751451364, 3.452260401249418, 7969.920021627285
2998, 29, 41.27166517888666, 0.07110424669917792, 0.0, 0.0, 0.2, 41.36222699109001, 0.3263236946540836, 7969.920021627285
2999, 29, 451.09095629636784, 0.7771550409037862, 0.0, 0.0, 0.2, 452.0807785943943, 3.5666520079974506, 7969.920021627285
3000, 29, 88.90929550379805, 0.15317599747795552, 0.0, 0.0, 0.2, 89.10438787256118, 0.7029813231944266, 7969.920021627285
3001, 29, 529.9818276806649, 0.9130709521447946, 0.0, 0.0, 0.2, 531.1447590657102, 4.190420409708892, 7969.920021627285
3002, 29, 120.43544222568342, 0.2074903292179352, 0.0, 0.0, 0.2, 120.69971195781554, 0.9522498863091337, 7969.920021627285
3003, 29, 96.23518204100367, 0.16579728720236753, 0.0, 0.0, 0.2, 96.44634949561394, 0.7609050912584425, 7969.920021627285
3004, 29, 242.08133163871025, 0.4170660585536543, 0.0, 0.0, 0.2, 242.61252716956125, 1.9140704452975847, 7969.920021627285
3005, 29, 241.0812490248567, 0.4156684527971757, 0.0, 0.0, 0.2, 241.79952247255497, 1.716890683865966, 7969.920021627285
3006, 29, 88.90929550379805, 0.15317599747795552, 0.0, 0.0, 0.2, 89.10438787256118, 0.7029813231944266, 7969.920021627285
3007, 28, 524.6807362476945, 0.9039380491860439, 0.0, 0.0, 0.2, 525.8320355252214, 4.148506139116511, 7969.920021627285
3008, 28, 242.08133163871025, 0.4170660585536543, 0.0, 0.0, 0.2, 242.61252716956125, 1.9140704452975852, 7969.920021627285
3009, 28, 41.25515968789331, 0.07107581047063238, 0.0, 0.0, 0.2, 41.34568528233881, 0.3261931902806914, 7969.920021627285
3010, 28, 94.62604304565426, 0.16302500710165757, 0.0, 0.0, 0.2, 94.83367959006564, 0.7481820722113942, 7969.920021627285
3011, 28, 41.27166517888666, 0.07110424669917792, 0.0, 0.0, 0.2, 41.36222699109001, 0.3263236946540836, 7969.920021627285
3012, 28, 423.32004598642413, 0.7293103598331241, 0.0, 0.0, 0.2, 424.24893098150187, 3.3470750653912176, 7969.920021627285
3013, 28, 131.47619155856657, 0.22651171255457625, 0.0, 0.0, 0.2, 131.76468784572944, 1.03954605181251, 7969.920021627285
3014, 28, 316.61591365022326, 0.5454768043763819, 0.0, 0.0, 0.2, 317.31065932593816, 2.5033948662065177, 7969.920021627285
3015, 28, 508.9636688188036, 0.8768601439208311, 0.0, 0.0, 0.2, 510.0804803647909, 4.024235613798652, 7969.920021627285
3016, 27, 358.7722963636061, 0.618105272925084, 0.0, 0.0, 0.2, 359.5595451742906, 2.8367137788468564, 7969.920021627285
3017, 27, 399.81305372663854, 0.6888117036836622, 0.0, 0.0, 0.2, 400.6903576718782, 3.1612117489688547, 7969.920021627285
3018, 27, 262.0997034303188, 0.4515571616183043, 0.0, 0.0, 0.2, 262.67643193419224, 2.070743247947995, 7969.920021627285
3019, 27, 515.2979733472217, 0.9864145577751305, 0.0, 0.0, 0.2, 573.8096490723716, 4.527021350997256, 7969.920021627285
3020, 27, 309.4823798181055, 0.5331869065194059, 0.0, 0.0, 0.2, 310.1614724847051, 2.446991978027744, 7969.920021627285
3021, 27, 88.90929550379805, 0.15317599747795552, 0.0, 0.0, 0.2, 89.10438787256118, 0.7029813231944266, 7969.920021627285
3022, 27, 219.8045894188381, 0.37868691955864975, 0.0, 0.0, 0.2, 220.2869034195479, 1.7379343772582443, 7969.920021627285
3023, 27, 203.1736216194106, 0.3500345152485488, 0.0, 0.0, 0.2, 203.6194425303436, 1.6064378933034704, 7969.920021627285
3024, 27, 337.5354223388215, 0.5815176546830622, 0.0, 0.0, 0.2, 338.27607138695987, 2.6687996623547434, 7969.920021627285
3025, 27, 561.8218692623077, 0.9679260727637558, 0.0, 0.0, 0.2, 563.0546667856288, 4.44217085306577, 7969.920021627285
3026, 27, 131.47538723841933, 0.22651171255457625, 0.0, 0.0, 0.2, 131.76468784572944, 1.03873360721938, 7969.920021627285
3027, 27, 316.61591365022326, 0.5454768043763819, 0.0, 0.0, 0.2, 317.31065932593816, 2.5033948662065177, 7969.920021627285
3028, 27, 101.9706693381372, 0.17567858232210043, 0.0, 0.0, 0.2, 102.19442208876707, 0.806254010361412, 7969.920021627285
3029, 27, 529.9818276806649, 0.9130709521447946, 0.0, 0.0, 0.2, 531.1447590657102, 4.190420409708891, 7969.920021627285
3030, 26, 513.6870534282273, 0.884997753660294, 0.0, 0.0, 0.2, 514.8142294280865, 4.061582115577502, 7969.920021627285
3031, 26, 360.71835695873534, 0.6214580131658245, 0.0, 0.0, 0.2, 361.50987598176505, 2.8521007442302686, 7969.920021627285
3032, 26, 399.8130537266386, 0.6888117036836622, 0.0, 0.0, 0.2, 400.6903576718782, 3.1612117489689298, 7969.920021627285
3033, 26, 481.3295558342476, 0.8292511419954129, 0.0, 0.0, 0.2, 482.3857302496595, 3.8057402899845347, 7969.920021627285
3034, 26, 54.46533019720429, 0.09383474735289732, 0.0, 0.0, 0.2, 54.58484267588752, 0.43064237179357173, 7969.920021627285
3035, 26, 496.32788759218397, 0.8550960158286464, 0.0, 0.0, 0.2, 497.4200156499244, 3.9212849482412566, 7969.920021627285
3036, 26, 198.63382872907027, 0.3422132036479917, 0.0, 0.0, 0.2, 199.06968803875952, 1.5705430007053867, 7969.920021627285
3037, 26, 234.5872958977951, 0.4041550755878621, 0.0, 0.0, 0.2, 235.10204737545678, 1.8548171677706051, 7969.920021627285
3038, 26, 337.5354223378191, 0.5815176546830622, 0.0, 0.0, 0.2, 338.27607138695987, 2.6687996613422253, 7969.920021627285
3039, 26, 115.04982614396044, 0.2202353380913259, 0.0, 0.0, 0.2, 128.1136425526352, 1.0107414473203835, 7969.920021627285
3040, 26, 492.90347971260314, 0.849191096808409, 0.0, 0.0, 0.2, 493.98505062016494, 3.897252119838258, 7969.920021627285
3041, 25, 94.62604304565426, 0.16302500710165757, 0.0, 0.0, 0.2, 94.83367959006564, 0.7481820722113942, 7969.920021627285
3042, 25, 358.7722963636061, 0.618105272925084, 0.0, 0.0, 0.2, 359.5595451742906, 2.8367137788468564, 7969.920021627285
3043, 25, 577.8508739306747, 0.9955413942522838, 0.0, 0.0, 0.2, 579.1188436648648, 4.568907780261161, 7969.920021627285
3044, 25, 101.9706693381372, 0.17567858232210043, 0.0, 0.0, 0.2, 102.19442208876707, 0.806254010361412, 7969.920021627285
3045, 25, 407.7754683087271, 0.7025296258540422, 0.0, 0.0, 0.2, 408.67024406400736, 3.224168369050348, 7969.920021627285
3046, 25, 443.1457348936882, 0.763466740025232, 0.0, 0.0, 0.2, 444.1181232771045, 3.5038311609644017, 7969.920021627285
3047, 25, 397.1937107364315, 0.6842990093361433, 0.0, 0.0, 0.2, 398.0652670955984, 3.140501325039441, 7969.920021627285
3048, 25, 219.8045894188381, 0.37868691955864975, 0.0, 0.0, 0.2, 220.2869034195479, 1.7379343772582443, 7969.920021627285
3049, 25, 358.7722963636061, 0.618105272925084, 0.0, 0.0, 0.2, 359.5595451742906, 2.8367137788468564, 7969.920021627285
3050, 25, 405.98186066673105, 0.7771550409037862, 0.0, 0.0, 0.2, 452.0807785943943, 3.5666520079974506, 7969.920021627285
3051, 25, 270.66894565478407, 0.4663177849070571, 0.0, 0.0, 0.2, 271.26287056959967, 2.1401048392731012, 7969.920021627285
3052, 25, 316.61591365022326, 0.5454768043763819, 0.0, 0.0, 0.2, 317.31065932593816, 2.5033948662065177, 7969.920021627285
3053, 24, 337.5354223388215, 0.5815176546830622, 0.0, 0.0, 0.2, 338.27607138695987, 2.6687996623547434, 7969.920021627285
3054, 24, 399.89307107265245, 0.6889495603242053, 0.0, 0.0, 0.2, 400.77055059878586, 3.161844424095424, 7969.920021627285
3055, 24, 41.27166517888666, 0.07110424669917792, 0.0, 0.0, 0.2, 41.36222699109001, 0.3263236946540836, 7969.920021627285
3056, 24, 284.0356741574287, 0.48934644529411575, 0.0, 0.0, 0.2, 284.6589294894005, 2.2457918817395255, 7969.920021627285
3057, 24, 284.0356741574287, 0.48934644529411575, 0.0, 0.0, 0.2, 284.6589294894005, 2.2457918817395255, 7969.920021627285
3058, 24, 475.5307075108031, 0.8192606863165797, 0.0, 0.0, 0.2, 476.57415759802063, 3.7598903926895475, 7969.920021627285
3059, 24, 492.5396267022706, 0.8485642383064127, 0.0, 0.0, 0.2, 493.62039921248515, 3.8943752342527573, 7969.920021627285
3060, 24, 451.09095629636784, 0.7771550409037862, 0.0, 0.0, 0.2, 452.0807785943943, 3.5666520079974506, 7969.920021627285
3061, 24, 337.5354223388215, 0.5815176546830622, 0.0, 0.0, 0.2, 338.27607138695987, 2.668799662354743, 7969.920021627285
3062, 24, 397.19371073643146, 0.6842990093361433, 0.0, 0.0, 0.2, 398.0652670955984, 3.1405013250393665, 7969.920021627285
3063, 23, 399.89307107265245, 0.6889495603242053, 0.0, 0.0, 0.2, 400.77055059878586, 3.161844424095424, 7969.920021627285
3064, 23, 397.1937107364315, 0.6842990093361433, 0.0, 0.0, 0.2, 398.0652670955984, 3.140501325039441, 7969.920021627285
3065, 23, 271.1163040278584, 0.4670885093249877, 0.0, 0.0, 0.2, 271.7112105746192, 2.1436419787731276, 7969.920021627285
3066, 23, 202.54885820877135, 0.3489581513197815, 0.0, 0.0, 0.2, 202.9933082104759, 1.6014980610102776, 7969.920021627285
3067, 23, 54.465330197204295, 0.09383474735289732, 0.0, 0.0, 0.2, 54.58484267588752, 0.4306423717935819, 7969.920021627285
3068, 23, 284.0356741574287, 0.48934644529411575, 0.0, 0.0, 0.2, 284.6589294894005, 2.2457918817395255, 7969.920021627285
3069, 23, 234.5872958977951, 0.4041550755878621, 0.0, 0.0, 0.2, 235.10204737545678, 1.8548171677706051, 7969.920021627285
3070, 23, 475.5307075108031, 0.8192606863165797, 0.0, 0.0, 0.2, 476.57415759802063, 3.7598903926895475, 7969.920021627285
3071, 23, 519.8192037819093, 0.8955624335600452, 0.0, 0.0, 0.2, 520.9598354697404, 4.110067340268932, 7969.920021627285
3072, 23, 101.9706693381372, 0.17567858232210043, 0.0, 0.0, 0.2, 102.19442208876707, 0.806254010361412, 7969.920021627285
3073, 23, 481.3295558342476, 0.8292511419954129, 0.0, 0.0, 0.2, 482.3857302496595, 3.8057402899845347, 7969.920021627285
3074, 23, 358.7722963636061, 0.618105272925084, 0.0, 0.0, 0.2, 359.5595451742906, 2.8367137788468564, 7969.920021627285
3075, 23, 316.61591365022326, 0.5454768043763819, 0.0, 0.0, 0.2, 317.31065932593816, 2.5033948662065177, 7969.920021627285
3076, 22, 492.5396267022706, 0.8485642383064127, 0.0, 0.0, 0.2, 493.62039921248515, 3.8943752342527573, 7969.920021627285
3077, 22, 513.6870534282273, 0.884997753660294, 0.0, 0.0, 0.2, 514.8142294280865, 4.061582115577502, 7969.920021627285
3078, 22, 242.08133163799133, 0.4170660585536543, 0.0, 0.0, 0.2, 242.61252716956125, 1.9140704445714045, 7969.920021627285
3079, 22, 519.8191787879949, 0.8955624335600452, 0.0, 0.0, 0.2, 520.9598354697404, 4.11004209389089, 7969.920021627285
3080, 22, 271.1146454438747, 0.4670885093249877, 0.0, 0.0, 0.2, 271.7112105746192, 2.1419666414158036, 7969.920021627285
3081, 22, 474.3752544161841, 0.817270032226886, 0.0, 0.0, 0.2, 475.41616929013526, 3.7507543625758615, 7969.920021627285
3082, 22, 229.8604574896202, 0.3960115155249172, 0.0, 0.0, 0.2, 230.36483693478982, 1.817443357755846, 7969.920021627285
3083, 22, 284.0356741574287, 0.48934644529411575, 0.0, 0.0, 0.2, 284.6589294894005, 2.2457918817395255, 7969.920021627285
3084, 21, 465.67613953692546, 0.8022828970926335, 0.0, 0.0, 0.2, 466.6979658895462, 3.681973036641101, 7969.920021627285
3085, 21, 492.5396267022706, 0.8485642383064127, 0.0, 0.0, 0.2, 493.62039921248515, 3.8943752342527564, 7969.920021627285
3086, 21, 270.66894565478407, 0.4663177849070571, 0.0, 0.0, 0.2, 271.26287056959967, 2.1401048392731012, 7969.920021627285
3087, 21, 492.90347971260314, 0.849191096808409, 0.0, 0.0, 0.2, 493.98505062016494, 3.897252119838258, 7969.920021627285
3088, 21, 131.47619155856657, 0.22651171255457625, 0.0, 0.0, 0.2, 131.76468784572944, 1.03954605181251, 7969.920021627285
3089, 21, 131.47619155856657, 0.22651171255457625, 0.0, 0.0, 0.2, 131.76468784572944, 1.03954605181251, 7969.920021627285
3090, 21, 519.8192037819093, 0.8955624335600452, 0.0, 0.0, 0.2, 520.9598354697404, 4.110067340268932, 7969.920021627285
3091, 21, 241.27010700008202, 0.4156684527971757, 0.0, 0.0, 0.2, 241.79952247255497, 1.9076563154066741, 7969.920021627285
3092, 20, 423.32004598642413, 0.7293103598331241, 0.0, 0.0, 0.2, 424.24893098150187, 3.3470750653912176, 7969.920021627285
3093, 20, 228.54436012644098, 0.3937440976442471, 0.0, 0.0, 0.2, 229.04585167838582, 1.807037338221242, 7969.920021627285
3094, 20, 270.91350940919756, 0.466739127769094, 0.0, 0.0, 0.2, 271.5079709666881, 2.1420385375518793, 7969.920021627285
3095, 20, 465.67613953692546, 0.8022828970926335, 0.0, 0.0, 0.2, 466.6979658895462, 3.681973036641101, 7969.920021627285
3096, 20, 399.89307107265245, 0.6889495603242053, 0.0, 0.0, 0.2, 400.77055059878586, 3.161844424095424, 7969.920021627285
3097, 20, 309.4823798181055, 0.5331869065194059, 0.0, 0.0, 0.2, 310.1614724847051, 2.446991978027744, 7969.920021627285
3098, 20, 561.8218692623077, 0.9679260727637558, 0.0, 0.0, 0.2, 563.0546667856288, 4.44217085306577, 7969.920021627285
3099, 20, 101.9706693381372, 0.17567858232210043, 0.0, 0.0, 0.2, 102.19442208876707, 0.806254010361412, 7969.920021627285
3100, 20, 219.8045894188381, 0.37868691955864975, 0.0, 0.0, 0.2, 220.2869034195479, 1.7379343772582443, 7969.920021627285
3101, 20, 230.10652339202244, 0.3964354463392622, 0.0, 0.0, 0.2, 230.61144277600835, 1.819388933105235, 7969.920021627285
3102, 20, 117.91881175170823, 0.2031545915321259, 0.0, 0.0, 0.2, 118.17755927834217, 0.9323515819691679, 7969.920021627285
3103, 20, 407.7754683087271, 0.7025296258540422, 0.0, 0.0, 0.2, 408.67024406400736, 3.224168369050348, 7969.920021627285
3104, 20, 572.5533037191352, 0.9864145577751305, 0.0, 0.0, 0.2, 573.8096490723716, 4.527021350997256, 7969.920021627285
3105, 20, 203.1736216194106, 0.3500345152485488, 0.0, 0.0, 0.2, 203.6194425303436, 1.6064378933034704, 7969.920021627285
3106, 20, 131.47619155856657, 0.22651171255457625, 0.0, 0.0, 0.2, 131.76468784572944, 1.03954605181251, 7969.920021627285
3107, 20, 496.33092395152084, 0.8550960158286464, 0.0, 0.0, 0.2, 497.4200156499244, 3.9243519778744345, 7969.920021627285
3108, 20, 492.90347971260314, 0.849191096808409, 0.0, 0.0, 0.2, 493.98505062016494, 3.897252119838258, 7969.920021627285
3109, 20, 131.47619155856657, 0.22651171255457625, 0.0, 0.0, 0.2, 131.76468784572944, 1.03954605181251, 7969.920021627285
3110, 19, 399.8130537266386, 0.6888117036836622, 0.0, 0.0, 0.2, 400.6903576718782, 3.1612117489689298, 7969.920021627285
3111, 19, 230.10652339202244, 0.3964354463392622, 0.0, 0.0, 0.2, 230.61144277600835, 1.819388933105235, 7969.920021627285
3112, 19, 481.3295558342476, 0.8292511419954129, 0.0, 0.0, 0.2, 482.3857302496595, 3.8057402899845347, 7969.920021627285
3113, 19, 516.367127188583, 0.8896150770709766, 0.0, 0.0, 0.2, 517.5001840351568, 4.082772720987631, 7969.920021627285
3114, 19, 513.6870534282273, 0.884997753660294, 0.0, 0.0, 0.2, 514.8142294280865, 4.061582115577502, 7969.920021627285
3115, 19, 229.8604574896202, 0.3960115155249172, 0.0, 0.0, 0.2, 230.36483693478982, 1.817443357755846, 7969.920021627285
3116, 19, 337.27121117224834, 0.5815176546830622, 0.0, 0.0, 0.2, 338.27607138695987, 2.4019196961192693, 7969.920021627285
3117, 19, 466.4209961268561, 0.8035661616882437, 0.0, 0.0, 0.2, 467.44445690741486, 3.687862412641805, 7969.920021627285
3118, 19, 96.23518204100367, 0.16579728720236753, 0.0, 0.0, 0.2, 96.44634949561394, 0.7609050912584425, 7969.920021627285
3119, 19, 508.9636688188036, 0.8768601439208311, 0.0, 0.0, 0.2, 510.0804803647909, 4.024235613798652, 7969.920021627285
3120, 19, 579.5096342688199, 0.998399163711962, 0.0, 0.0, 0.2, 580.7812437965968, 4.5820231416051485, 7969.920021627285
3121, 19, 352.37701432078444, 0.6070872606856301, 0.0, 0.0, 0.2, 353.150230057474, 2.7861480443284417, 7969.920021627285
3122, 19, 203.1736118504293, 0.3500345152485488, 0.0, 0.0, 0.2, 203.6194425303436, 1.6064280256455954, 7969.920021627285
3123, 19, 451.0881966975381, 0.7771550409037862, 0.0, 0.0, 0.2, 452.0807785943943, 3.563864534432022, 7969.920021627285
3124, 19, 213.6938221225286, 0.3681590791268482, 0.0, 0.0, 0.2, 214.1627273557969, 1.6896182225147913, 7969.920021627285
3125, 19, 284.0356740495443, 0.48934644529411575, 0.0, 0.0, 0.2, 284.6589294894005, 2.2457917727653975, 7969.920021627285
3126, 19, 529.9818276806649, 0.9130709521447946, 0.0, 0.0, 0.2, 531.1447590657102, 4.190420409708892, 7969.920021627285
3127, 18, 423.32004598642413, 0.7293103598331241, 0.0, 0.0, 0.2, 424.24893098150187, 3.3470750653912176, 7969.920021627285
3128, 18, 110.32601861437752, 0.19007346592130914, 0.0, 0.0, 0.2, 110.56810538590933, 0.8723174568962244, 7969.920021627285
3129, 18, 316.61591365022326, 0.5454768043763819, 0.0, 0.0, 0.2, 317.31065932593816, 2.5033948662065177, 7969.920021627285
3130, 18, 374.5375385792853, 0.6457716633103316, 0.0, 0.0, 0.2, 375.6534294675891, 2.6673165720930005, 7969.920021627285
3131, 18, 94.62604304565426, 0.16302500710165757, 0.0, 0.0, 0.2, 94.83367959006564, 0.7481820722113942, 7969.920021627285
3132, 18, 513.6870534282273, 0.884997753660294, 0.0, 0.0, 0.2, 514.8142294280865, 4.061582115577502, 7969.920021627285
3133, 18, 446.05951483433654, 0.7684867002051956, 0.0, 0.0, 0.2, 447.03829671383806, 3.5268697854917845, 7969.920021627285
3134, 18, 421.21722900186126, 0.7256875542839536, 0.0, 0.0, 0.2, 422.1414998163376, 3.3304486703909277, 7969.920021627285
3135, 18, 366.9979214778544, 0.7025296258540422, 0.0, 0.0, 0.2, 408.67024406400736, 3.224168369050348, 7969.920021627285
3136, 18, 182.84947818510537, 0.31501938071403035, 0.0, 0.0, 0.2, 183.25070212489814, 1.4457404863193954, 7969.920021627285
3137, 18, 88.90929550379805, 0.15317599747795552, 0.0, 0.0, 0.2, 89.10438787256118, 0.7029813231944266, 7969.920021627285
3138, 18, 483.5918870103839, 0.8331487640895544, 0.0, 0.0, 0.2, 484.6530256260583, 3.823627919784012, 7969.920021627285
3139, 18, 230.10153048922749, 0.39642684454488064, 0.0, 0.0, 0.2, 230.6064390049502, 1.819349368006834, 7969.920021627285
3140, 18, 316.61591365022326, 0.5454768043763819, 0.0, 0.0, 0.2, 317.31065932593816, 2.5033948662065177, 7969.920021627285
3141, 18, 242.08133163871025, 0.4170660585536543, 0.0, 0.0, 0.2, 242.61252716956125, 1.9140704452975852, 7969.920021627285
3142, 18, 466.4209961268561, 0.8035661616882437, 0.0, 0.0, 0.2, 467.44445690741486, 3.687862412641805, 7969.920021627285
3143, 17, 268.3982562230269, 0.46240576292216584, 0.0, 0.0, 0.2, 268.98719859718176, 2.122151123047422, 7969.920021627285
3144, 17, 423.32004598642413, 0.7293103598331241, 0.0, 0.0, 0.2, 424.24893098150187, 3.3470750653912176, 7969.920021627285
3145, 17, 127.83314015995605, 0.2202353380913259, 0.0, 0.0, 0.2, 128.1136425526352, 1.0107414473203835, 7969.920021627285
3146, 17, 209.99192146975827, 0.36178131727841745, 0.0, 0.0, 0.2, 210.45270375641945, 1.6603482332353787, 7969.920021627285
3147, 17, 316.61591365022326, 0.5454768043763819, 0.0, 0.0, 0.2, 317.31065932593816, 2.5033948662065177, 7969.920021627285
3148, 17, 451.09095629636784, 0.7771550409037862, 0.0, 0.0, 0.2, 452.0807785943943, 3.5666520079974506, 7969.920021627285
3149, 17, 202.54885820877135, 0.3489581513197815, 0.0, 0.0, 0.2, 202.9933082104759, 1.6014980610102776, 7969.920021627285
3150, 17, 421.21722900186126, 0.7256875542839536, 0.0, 0.0, 0.2, 422.1414998163376, 3.3304486703909277, 7969.920021627285
3151, 17, 271.11630402785204, 0.4670885093249877, 0.0, 0.0, 0.2, 271.7112105746192, 2.143641978766695, 7969.920021627285
3152, 16, 374.83094340221555, 0.6457716633103316, 0.0, 0.0, 0.2, 375.6534294675891, 2.9636850801033336, 7969.920021627285
3153, 16, 360.71835695873534, 0.6214580131658245, 0.0, 0.0, 0.2, 361.50987598176505, 2.8521007442302686, 7969.920021627285
3154, 16, 230.10153057594286, 0.39642684454488064, 0.0, 0.0, 0.2, 230.6064390049502, 1.819349455598154, 7969.920021627285
3155, 16, 409.656730060757, 0.7057707284153824, 0.0, 0.0, 0.2, 410.5556338412273, 3.2390429878202225, 7969.920021627285
3156, 16, 577.8508739306747, 0.9955413942522838, 0.0, 0.0, 0.2, 579.1188436648648, 4.568907780261161, 7969.920021627285
3157, 16, 96.23518204100367, 0.16579728720236753, 0.0, 0.0, 0.2, 96.44634949561394, 0.7609050912584425, 7969.920021627285
3158, 16, 397.1937107364315, 0.6842990093361433, 0.0, 0.0, 0.2, 398.0652670955984, 3.140501325039441, 7969.920021627285
3159, 16, 127.83314015995605, 0.2202353380913259, 0.0, 0.0, 0.2, 128.1136425526352, 1.0107414473203835, 7969.920021627285
3160, 16, 271.1163040278584, 0.4670885093249877, 0.0, 0.0, 0.2, 271.7112105746192, 2.1436419787731276, 7969.920021627285
3161, 16, 202.54885820877135, 0.3489581513197815, 0.0, 0.0, 0.2, 202.9933082104759, 1.6014980610102776, 7969.920021627285
3162, 16, 579.5096340487065, 0.998399163711962, 0.0, 0.0, 0.2, 580.7812437965968, 4.582022919268439, 7969.920021627285
3163, 16, 561.8218692623077, 0.9679260727637558, 0.0, 0.0, 0.2, 563.0546667856288, 4.44217085306577, 7969.920021627285
3164, 16, 374.83094340221555, 0.6457716633103316, 0.0, 0.0, 0.2, 375.6534294675891, 2.9636850801033336, 7969.920021627285
3165, 16, 451.09095629636784, 0.7771550409037862, 0.0, 0.0, 0.2, 452.0807785943943, 3.5666520079974506, 7969.920021627285
3166, 16, 496.33092395152084, 0.8550960158286464, 0.0, 0.0, 0.2, 497.4200156499244, 3.9243519778744345, 7969.920021627285
3167, 16, 483.5918870103839, 0.8331487640895544, 0.0, 0.0, 0.2, 484.6530256260583, 3.823627919784012, 7969.920021627285
3168, 15, 387.4332113384248, 0.667483284695644, 0.0, 0.0, 0.2, 388.28335037629734, 3.0633277433237245, 7969.920021627285
3169, 15, 374.83094340221555, 0.6457716633103316, 0.0, 0.0, 0.2, 375.6534294675891, 2.9636850801033336, 7969.920021627285
3170, 15, 352.39913375070904, 0.6071253979933482, 0.0, 0.0, 0.2, 353.17241500495453, 2.7863059553576246, 7969.920021627285
3171, 15, 358.7722963636061, 0.618105272925084, 0.0, 0.0, 0.2, 359.5595451742906, 2.8367137788468564, 7969.920021627285
3172, 15, 374.83094340221555, 0.6457716633103316, 0.0, 0.0, 0.2, 375.6534294675891, 2.9636850801033336, 7969.920021627285
3173, 15, 569.3969414691428, 0.9809766681449772, 0.0, 0.0, 0.2, 570.6463608627871, 4.5020648636197835, 7969.920021627285
3174, 15, 219.8045894188381, 0.37868691955864975, 0.0, 0.0, 0.2, 220.2869034195479, 1.7379343772582443, 7969.920021627285
3175, 15, 569.3969414691428, 0.9809766681449772, 0.0, 0.0, 0.2, 570.6463608627871, 4.5020648636197835, 7969.920021627285
3176, 15, 397.1937107364315, 0.6842990093361433, 0.0, 0.0, 0.2, 398.0652670955984, 3.140501325039441, 7969.920021627285
3177, 15, 492.5396267022706, 0.8485642383064127, 0.0, 0.0, 0.2, 493.62039921248515, 3.8943752342527573, 7969.920021627285
3178, 15, 399.8130537266386, 0.6888117036836622, 0.0, 0.0, 0.2, 400.6903576718782, 3.1612117489689298, 7969.920021627285
3179, 15, 229.8604574896202, 0.3960115155249172, 0.0, 0.0, 0.2, 230.36483693478982, 1.817443357755846, 7969.920021627285
3180, 15, 101.9706693381372, 0.17567858232210043, 0.0, 0.0, 0.2, 102.19442208876707, 0.806254010361412, 7969.920021627285
3181, 15, 41.25515968789331, 0.07107581047063238, 0.0, 0.0, 0.2, 41.34568528233881, 0.3261931902806914, 7969.920021627285
3182, 15, 492.5396267022706, 0.8485642383064127, 0.0, 0.0, 0.2, 493.62039921248515, 3.8943752342527573, 7969.920021627285
3183, 15, 492.90347971260314, 0.849191096808409, 0.0, 0.0, 0.2, 493.98505062016494, 3.897252119838258, 7969.920021627285
3184, 14, 496.33092395152084, 0.8550960158286464, 0.0, 0.0, 0.2, 497.4200156499244, 3.9243519778744345, 7969.920021627285
3185, 14, 358.7722963636061, 0.618105272925084, 0.0, 0.0, 0.2, 359.5595451742906, 2.8367137788468564, 7969.920021627285
3186, 14, 191.92597494230276, 0.3673963133767352, 0.0, 0.0, 0.2, 213.71901700709324, 1.6861176082858618, 7969.920021627285
3187, 14, 234.5872958977951, 0.4041550755878621, 0.0, 0.0, 0.2, 235.10204737545678, 1.8548171677706051, 7969.920021627285
3188, 14, 127.83314015995605, 0.2202353380913259, 0.0, 0.0, 0.2, 128.1136425526352, 1.0107414473203835, 7969.920021627285
3189, 14, 498.5358677553804, 0.8588947689806674, 0.0, 0.0, 0.2, 499.62979772977354, 3.941785861519822, 7969.920021627285
3190, 14, 41.25515968789331, 0.07107581047063238, 0.0, 0.0, 0.2, 41.34568528233881, 0.3261931902806914, 7969.920021627285
3191, 14, 337.5354223388215, 0.5815176546830622, 0.0, 0.0, 0.2, 338.27607138695987, 2.6687996623547434, 7969.920021627285
3192, 14, 513.6870534282273, 0.884997753660294, 0.0, 0.0, 0.2, 514.8142294280865, 4.061582115577502, 7969.920021627285
3193, 14, 337.5354223388215, 0.5815176546830622, 0.0, 0.0, 0.2, 338.27607138695987, 2.6687996623547434, 7969.920021627285
3194, 14, 492.90347971260314, 0.849191096808409, 0.0, 0.0, 0.2, 493.98505062016494, 3.897252119838258, 7969.920021627285
3195, 14, 284.0356741574287, 0.48934644529411575, 0.0, 0.0, 0.2, 284.6589294894005, 2.2457918817395255, 7969.920021627285
3196, 14, 270.66894565478407, 0.4663177849070571, 0.0, 0.0, 0.2, 271.26287056959967, 2.1401048392731012, 7969.920021627285
3197, 13, 316.61591365022326, 0.5454768043763819, 0.0, 0.0, 0.2, 317.31065932593816, 2.5033948662065177, 7969.920021627285
3198, 13, 219.8045894188381, 0.37868691955864975, 0.0, 0.0, 0.2, 220.2869034195479, 1.7379343772582443, 7969.920021627285
3199, 13, 270.66894565478407, 0.4663177849070571, 0.0, 0.0, 0.2, 271.26287056959967, 2.1401048392731012, 7969.920021627285
3200, 13, 316.61591365022326, 0.5454768043763819, 0.0, 0.0, 0.2, 317.31065932593816, 2.5033948662065177, 7969.920021627285
3201, 13, 242.08133163871025, 0.4170660585536543, 0.0, 0.0, 0.2, 242.61252716956125, 1.9140704452975852, 7969.920021627285
3202, 13, 309.4823798181055, 0.5331869065194059, 0.0, 0.0, 0.2, 310.1614724847051, 2.446991978027744, 7969.920021627285
3203, 13, 262.1013068640601, 0.4515571616183043, 0.0, 0.0, 0.2, 262.67643193419224, 2.072362877989675, 7969.920021627285
3204, 13, 487.5545014210198, 0.839975692719798, 0.0, 0.0, 0.2, 488.62433514362857, 3.854959221037874, 7969.920021627285
3205, 13, 476.0433430713732, 0.8201438725221171, 0.0, 0.0, 0.2, 477.0879180273152, 3.7639436609405674, 7969.920021627285
3206, 13, 54.465330197204295, 0.09383474735289732, 0.0, 0.0, 0.2, 54.58484267588752, 0.4306423717935819, 7969.920021627285
3207, 13, 270.91350940919756, 0.466739127769094, 0.0, 0.0, 0.2, 271.5079709666881, 2.1420385375518793, 7969.920021627285
3208, 13, 399.8130537266386, 0.6888117036836622, 0.0, 0.0, 0.2, 400.6903576718782, 3.1612117489689298, 7969.920021627285
3209, 13, 271.1163040278584, 0.4670885093249877, 0.0, 0.0, 0.2, 271.7112105746192, 2.1436419787731276, 7969.920021627285
3210, 13, 423.32004598642413, 0.7293103598331241, 0.0, 0.0, 0.2, 424.24893098150187, 3.3470750653912176, 7969.920021627285
3211, 13, 572.5533037191217, 0.9864145577751305, 0.0, 0.0, 0.2, 573.8096490723716, 4.527021350983672, 7969.920021627285
3212, 13, 131.47619155856657, 0.22651171255457625, 0.0, 0.0, 0.2, 131.76468784572944, 1.03954605181251, 7969.920021627285
3213, 13, 374.83094340221555, 0.6457716633103316, 0.0, 0.0, 0.2, 375.6534294675891, 2.9636850801033336, 7969.920021627285
3214, 12, 54.465330197204295, 0.09383474735289732, 0.0, 0.0, 0.2, 54.58484267588752, 0.4306423717935819, 7969.920021627285
3215, 12, 219.80458941883293, 0.37868691955864975, 0.0, 0.0, 0.2, 220.2869034195479, 1.7379343772530291, 7969.920021627285
3216, 12, 498.5358677553804, 0.8588947689806674, 0.0, 0.0, 0.2, 499.62979772977354, 3.941785861519822, 7969.920021627285
3217, 12, 268.3982562230269, 0.46240576292216584, 0.0, 0.0, 0.2, 268.98719859718176, 2.122151123047422, 7969.920021627285
3218, 12, 516.9468092166068, 0.890613773240589, 0.0, 0.0, 0.2, 518.0811380509895, 4.087356107199197, 7969.920021627285
3219, 12, 513.6870534282273, 0.884997753660294, 0.0, 0.0, 0.2, 514.8142294280865, 4.061582115577502, 7969.920021627285
3220, 12, 446.05951483433654, 0.7684867002051956, 0.0, 0.0, 0.2, 447.03829671383806, 3.5268697854917845, 7969.920021627285
3221, 12, 465.6761171463146, 0.8022828970926335, 0.0, 0.0, 0.2, 466.6979658895462, 3.681950419862462, 7969.920021627285
3222, 12, 203.1736216194106, 0.3500345152485488, 0.0, 0.0, 0.2, 203.6194425303436, 1.6064378933034704, 7969.920021627285
3223, 12, 88.90929550379805, 0.15317599747795552, 0.0, 0.0, 0.2, 89.10438787256118, 0.7029813231944266, 7969.920021627285
3224, 12, 219.8045894188381, 0.37868691955864975, 0.0, 0.0, 0.2, 220.2869034195479, 1.7379343772582443, 7969.920021627285
3225, 12, 374.83094340221555, 0.6457716633103316, 0.0, 0.0, 0.2, 375.6534294675891, 2.9636850801033336, 7969.920021627285
3226, 12, 487.5545014210198, 0.839975692719798, 0.0, 0.0, 0.2, 488.62433514362857, 3.854959221037874, 7969.920021627285
3227, 11, 358.7722963636061, 0.618105272925084, 0.0, 0.0, 0.2, 359.5595451742906, 2.8367137788468564, 7969.920021627285
3228, 11, 465.67613953692546, 0.8022828970926335, 0.0, 0.0, 0.2, 466.6979658895462, 3.681973036641101, 7969.920021627285
3229, 11, 101.9706693381372, 0.17567858232210043, 0.0, 0.0, 0.2, 102.19442208876707, 0.806254010361412, 7969.920021627285
3230, 11, 286.9421666426827, 0.4943538506848373, 0.0, 0.0, 0.2, 287.57179964867083, 2.2687727176753056, 7969.920021627285
3231, 11, 54.46532757840571, 0.09383474735289732, 0.0, 0.0, 0.2, 54.58484267588752, 0.43063972654249005, 7969.920021627285
3232, 11, 309.4823798181055, 0.5331869065194059, 0.0, 0.0, 0.2, 310.1614724847051, 2.446991978027744, 7969.920021627285
3233, 11, 516.9468092166068, 0.890613773240589, 0.0, 0.0, 0.2, 518.0811380509895, 4.087356107199197, 7969.920021627285
3234, 11, 284.0356741574287, 0.48934644529411575, 0.0, 0.0, 0.2, 284.6589294894005, 2.2457918817395255, 7969.920021627285
3235, 11, 451.09095629636784, 0.7771550409037862, 0.0, 0.0, 0.2, 452.0807785943943, 3.5666520079974506, 7969.920021627285
3236, 11, 203.1736216194106, 0.3500345152485488, 0.0, 0.0, 0.2, 203.6194425303436, 1.6064378933034704, 7969.920021627285
3237, 11, 88.90929550379805, 0.15317599747795552, 0.0, 0.0, 0.2, 89.10438787256118, 0.7029813231944266, 7969.920021627285
3238, 11, 451.09095629636784, 0.7771550409037862, 0.0, 0.0, 0.2, 452.0807785943943, 3.5666520079974506, 7969.920021627285
3239, 11, 436.62332133660544, 0.7522297009429733, 0.0, 0.0, 0.2, 437.58139751451364, 3.4522604012494997, 7969.920021627285
3240, 11, 131.47619155856657, 0.22651171255457625, 0.0, 0.0, 0.2, 131.76468784572944, 1.03954605181251, 7969.920021627285
3241, 11, 519.8192037803656, 0.8955624335600452, 0.0, 0.0, 0.2, 520.9598354697404, 4.1100673387096105, 7969.920021627285
3242, 11, 492.90347971260314, 0.849191096808409, 0.0, 0.0, 0.2, 493.98505062016494, 3.897252119838258, 7969.920021627285
3243, 10, 213.6938221225286, 0.3681590791268482, 0.0, 0.0, 0.2, 214.1627273557969, 1.6896182225147913, 7969.920021627285
3244, 10, 131.47619155856657, 0.22651171255457625, 0.0, 0.0, 0.2, 131.76468784572944, 1.03954605181251, 7969.920021627285
3245, 10, 188.52443243744256, 0.32479638741864847, 0.0, 0.0, 0.2, 188.93810884647868, 1.4906107873016519, 7969.920021627285
3246, 10, 529.9818276806649, 0.9130709521447946, 0.0, 0.0, 0.2, 531.1447590657102, 4.190420409708892, 7969.920021627285
3247, 10, 219.8045894188381, 0.37868691955864975, 0.0, 0.0, 0.2, 220.2869034195479, 1.7379343772582443, 7969.920021627285
3248, 10, 436.62332133660544, 0.7522297009429733, 0.0, 0.0, 0.2, 437.58139751451364, 3.4522604012494997, 7969.920021627285
3249, 10, 423.32004598642413, 0.7293103598331241, 0.0, 0.0, 0.2, 424.24893098150187, 3.3470750653912176, 7969.920021627285
3250, 10, 41.25515967222349, 0.07107581047063238, 0.0, 0.0, 0.2, 41.34568528233881, 0.3261931744525914, 7969.920021627285
3251, 10, 230.10652339202244, 0.3964354463392622, 0.0, 0.0, 0.2, 230.61144277600835, 1.819388933105235, 7969.920021627285
3252, 10, 399.8130537266386, 0.6888117036836622, 0.0, 0.0, 0.2, 400.6903576718782, 3.1612117489689298, 7969.920021627285
3253, 10, 519.8192037819093, 0.8955624335600452, 0.0, 0.0, 0.2, 520.9598354697404, 4.110067340268932, 7969.920021627285
3254, 10, 94.62604304565426, 0.16302500710165757, 0.0, 0.0, 0.2, 94.83367959006564, 0.7481820722113942, 7969.920021627285
3255, 10, 474.37525459637453, 0.817270032226886, 0.0, 0.0, 0.2, 475.41616929013526, 3.7507545445864743, 7969.920021627285
3256, 10, 516.3671271870496, 0.8896150770709766, 0.0, 0.0, 0.2, 517.5001840351568, 4.0827727194386645, 7969.920021627285
3257, 10, 423.32004598642413, 0.7293103598331241, 0.0, 0.0, 0.2, 424.24893098150187, 3.3470750653912176, 7969.920021627285
3258, 10, 316.61591365022326, 0.5454768043763819, 0.0, 0.0, 0.2, 317.31065932593816, 2.5033948662065177, 7969.920021627285
3259, 10, 421.21722900186126, 0.7256875542839536, 0.0, 0.0, 0.2, 422.1414998163376, 3.3304486703909277, 7969.920021627285
3260, 10, 360.71835695873534, 0.6214580131658245, 0.0, 0.0, 0.2, 361.50987598176505, 2.8521007442302686, 7969.920021627285
3261, 10, 101.9706693381372, 0.17567858232210043, 0.0, 0.0, 0.2, 102.19442208876707, 0.806254010361412, 7969.920021627285
3262, 10, 451.09095629636784, 0.7771550409037862, 0.0, 0.0, 0.2, 452.0807785943943, 3.5666520079974506, 7969.920021627285
3263, 9, 316.61591365022326, 0.5454768043763819, 0.0, 0.0, 0.2, 317.31065932593816, 2.5033948662065177, 7969.920021627285
3264, 9, 131.74945731610143, 0.22698250421645816, 0.0, 0.0, 0.2, 132.03855322632555, 1.041706688928428, 7969.920021627285
3265, 9, 436.62332133660544, 0.7522297009429733, 0.0, 0.0, 0.2, 437.58139751451364, 3.4522604012494997, 7969.920021627285
3266, 9, 423.32004598642413, 0.7293103598331241, 0.0, 0.0, 0.2, 424.24893098150187, 3.3470750653912176, 7969.920021627285
3267, 9, 284.0356741574287, 0.48934644529411575, 0.0, 0.0, 0.2, 284.6589294894005, 2.2457918817395255, 7969.920021627285
3268, 9, 421.21722900186126, 0.7256875542839536, 0.0, 0.0, 0.2, 422.1414998163376, 3.3304486703909277, 7969.920021627285
3269, 9, 529.9818276806526, 0.9130709521447946, 0.0, 0.0, 0.2, 531.1447590657102, 4.190420409696318, 7969.920021627285
3270, 9, 481.3295558342476, 0.8292511419954129, 0.0, 0.0, 0.2, 482.3857302496595, 3.8057402899845347, 7969.920021627285
3271, 9, 374.8309434022067, 0.6457716633103316, 0.0, 0.0, 0.2, 375.6534294675891, 2.963685080094441, 7969.920021627285
3272, 9, 451.09095629636784, 0.7771550409037862, 0.0, 0.0, 0.2, 452.0807785943943, 3.5666520079974506, 7969.920021627285
3273, 9, 352.39915069474284, 0.6071253979933482, 0.0, 0.0, 0.2, 353.17241500495453, 2.7863230705432813, 7969.920021627285
3274, 9, 316.6158984267168, 0.5454768043763819, 0.0, 0.0, 0.2, 317.31065932593816, 2.503379488927279, 7969.920021627285
3275, 9, 516.9468092166068, 0.890613773240589, 0.0, 0.0, 0.2, 518.0811380509895, 4.087356107199197, 7969.920021627285
3276, 8, 131.47619155856657, 0.22651171255457625, 0.0, 0.0, 0.2, 131.76468784572944, 1.039546051812508, 7969.920021627285
3277, 8, 143.09845958085432, 0.2465349563243352, 0.0, 0.0, 0.2, 143.41245844101616, 1.1314401255033644, 7969.920021627285
3278, 8, 407.77546830871756, 0.7025296258540422, 0.0, 0.0, 0.2, 408.67024406400736, 3.2241683690406684, 7969.920021627285
3279, 8, 213.2510832692253, 0.3673963133767352, 0.0, 0.0, 0.2, 213.71901700709324, 1.6861176082858589, 7969.920021627285
3280, 8, 529.9818276806649, 0.9130709521447946, 0.0, 0.0, 0.2, 531.1447590657102, 4.190420409708886, 7969.920021627285
3281, 8, 421.21722900186126, 0.7256875542839536, 0.0, 0.0, 0.2, 422.1414998163376, 3.330448670390922, 7969.920021627285
3282, 8, 143.09845952650167, 0.2465349563243352, 0.0, 0.0, 0.2, 143.41245844101616, 1.1314400706017052, 7969.920021627285
3283, 8, 451.09095629636784, 0.7771550409037862, 0.0, 0.0, 0.2, 452.0807785943943, 3.566652007997444, 7969.920021627285
3284, 8, 358.7722963636061, 0.618105272925084, 0.0, 0.0, 0.2, 359.5595451742906, 2.836713778846851, 7969.920021627285
3285, 8, 569.3969414691428, 0.9809766681449772, 0.0, 0.0, 0.2, 570.6463608627871, 4.502064863619775, 7969.920021627285
3286, 8, 242.08133154676125, 0.4170660585536543, 0.0, 0.0, 0.2, 242.61252716956125, 1.914070352419805, 7969.920021627285
3287, 8, 529.9818276806649, 0.9130709521447946, 0.0, 0.0, 0.2, 531.1447590657102, 4.190420409708886, 7969.920021627285
3288, 8, 337.53542233882143, 0.5815176546830622, 0.0, 0.0, 0.2, 338.27607138695987, 2.668799662354676, 7969.920021627285
3289, 8, 492.5396267022706, 0.8485642383064127, 0.0, 0.0, 0.2, 493.62039921248515, 3.8943752342527507, 7969.920021627285
3290, 8, 88.90929550379805, 0.15317599747795552, 0.0, 0.0, 0.2, 89.10438787256118, 0.7029813231944254, 7969.920021627285
3291, 7, 229.86045740231265, 0.3960115155249172, 0.0, 0.0, 0.2, 230.36483693478982, 1.8174432695664233, 7969.920021627285
3292, 7, 513.6870534282265, 0.884997753660294, 0.0, 0.0, 0.2, 514.8142294280865, 4.061582115576636, 7969.920021627285
3293, 7, 498.5358677553796, 0.8588947689806674, 0.0, 0.0, 0.2, 499.62979772977354, 3.94178586151898, 7969.920021627285
3294, 7, 399.813053726638, 0.6888117036836622, 0.0, 0.0, 0.2, 400.6903576718782, 3.161211748968255, 7969.920021627285
3295, 7, 399.813053726638, 0.6888117036836622, 0.0, 0.0, 0.2, 400.6903576718782, 3.161211748968255, 7969.920021627285
3296, 7, 286.94216664268225, 0.4943538506848373, 0.0, 0.0, 0.2, 287.57179964867083, 2.268772717674821, 7969.920021627285
3297, 7, 560.0219510603017, 0.9648251116729206, 0.0, 0.0, 0.2, 561.2507990493978, 4.427939395351462, 7969.920021627285
3298, 7, 117.91881175170803, 0.2031545915321259, 0.0, 0.0, 0.2, 118.17755927834217, 0.932351581968969, 7969.920021627285
3299, 7, 309.482379818105, 0.5331869065194059, 0.0, 0.0, 0.2, 310.1614724847051, 2.4469919780272216, 7969.920021627285
3300, 7, 316.61591365022275, 0.5454768043763819, 0.0, 0.0, 0.2, 317.31065932593816, 2.5033948662059835, 7969.920021627285
3301, 7, 297.21472525494005, 0.5120517685815789, 0.0, 0.0, 0.2, 297.8668991862792, 2.349995010629862, 7969.920021627285
3302, 7, 436.6233213365946, 0.7522297009429733, 0.0, 0.0, 0.2, 437.58139751451364, 3.4522604012384774, 7969.920021627285
3303, 7, 241.2701070000816, 0.4156684527971757, 0.0, 0.0, 0.2, 241.79952247255497, 1.907656315406267, 7969.920021627285
3304, 7, 399.813053726638, 0.6888117036836622, 0.0, 0.0, 0.2, 400.6903576718782, 3.161211748968255, 7969.920021627285
3305, 7, 54.4653301972042, 0.09383474735289732, 0.0, 0.0, 0.2, 54.58484267588752, 0.43064237179348996, 7969.920021627285
3306, 7, 397.19371073643083, 0.6842990093361433, 0.0, 0.0, 0.2, 398.0652670955984, 3.140501325038771, 7969.920021627285
3307, 7, 337.5354223388209, 0.5815176546830622, 0.0, 0.0, 0.2, 338.27607138695987, 2.668799662354173, 7969.920021627285
3308, 6, 271.11630402780105, 0.4670885093249877, 0.0, 0.0, 0.2, 271.7112105746192, 2.1436419787152348, 7969.920021627285
3309, 6, 361.67597957023366, 0.6231078383939317, 0.0, 0.0, 0.2, 362.46959989065203, 2.8596724025132936, 7969.920021627285
3310, 6, 397.19371073634755, 0.6842990093361433, 0.0, 0.0, 0.2, 398.0652670955984, 3.1405013249546267, 7969.920021627285
3311, 6, 127.83314015992903, 0.2202353380913259, 0.0, 0.0, 0.2, 128.1136425526352, 1.010741447293087, 7969.920021627285
3312, 6, 316.6159136501563, 0.5454768043763819, 0.0, 0.0, 0.2, 317.31065932593816, 2.5033948661389096, 7969.920021627285
3313, 6, 271.11630402780105, 0.4670885093249877, 0.0, 0.0, 0.2, 271.7112105746192, 2.1436419787152348, 7969.920021627285
3314, 6, 474.37525459627426, 0.817270032226886, 0.0, 0.0, 0.2, 475.41616929013526, 3.7507545444851793, 7969.920021627285
3315, 6, 271.11629099200974, 0.4670885093249877, 0.0, 0.0, 0.2, 271.7112105746192, 2.1436288112492283, 7969.920021627285
3316, 6, 572.5533037190141, 0.9864145577751305, 0.0, 0.0, 0.2, 573.8096490723716, 4.527021350874996, 7969.920021627285
3317, 6, 219.8045894187916, 0.37868691955864975, 0.0, 0.0, 0.2, 220.2869034195479, 1.7379343772113085, 7969.920021627285
3318, 6, 529.9818276805529, 0.9130709521447946, 0.0, 0.0, 0.2, 531.1447590657102, 4.190420409595724, 7969.920021627285
3319, 6, 374.8309434021363, 0.6457716633103316, 0.0, 0.0, 0.2, 375.6534294675891, 2.9636850800232954, 7969.920021627285
3320, 6, 407.77546830864094, 0.7025296258540422, 0.0, 0.0, 0.2, 408.67024406400736, 3.2241683689632743, 7969.920021627285
3321, 6, 436.62332133651313, 0.7522297009429733, 0.0, 0.0, 0.2, 437.58139751451364, 3.4522604011561926, 7969.920021627285
3322, 5, 169.67198918916336, 0.32479638741864847, 0.0, 0.0, 0.2, 188.93810884647868, 1.490610782211935, 7969.920021627285
3323, 5, 87.38095780568041, 0.15054292463997998, 0.0, 0.0, 0.2, 87.5726965676918, 0.690897175419719, 7969.920021627285
3324, 5, 337.5354223298, 0.5815176546830622, 0.0, 0.0, 0.2, 338.27607138695987, 2.66879965324208, 7969.920021627285
3325, 5, 203.01458426308625, 0.3500345152485488, 0.0, 0.0, 0.2, 203.6194425303436, 1.4457940990364337, 7969.920021627285
3326, 5, 127.83314015653936, 0.2202353380913259, 0.0, 0.0, 0.2, 128.1136425526352, 1.0107414438691893, 7969.920021627285
3327, 5, 465.676139524479, 0.8022828970926335, 0.0, 0.0, 0.2, 466.6979658895462, 3.68197302406894, 7969.920021627285
3328, 5, 284.95432227758477, 0.5454768043763819, 0.0, 0.0, 0.2, 317.31065932593816, 2.503394857658632, 7969.920021627285
3329, 5, 387.4332113280696, 0.667483284695644, 0.0, 0.0, 0.2, 388.28335037629734, 3.0633277328639386, 7969.920021627285
3330, 5, 560.0219510453346, 0.9648251116729206, 0.0, 0.0, 0.2, 561.2507990493978, 4.427939380233131, 7969.920021627285
3331, 5, 271.1163040206121, 0.4670885093249877, 0.0, 0.0, 0.2, 271.7112105746192, 2.143641971453625, 7969.920021627285
3332, 5, 337.5354223298, 0.5815176546830622, 0.0, 0.0, 0.2, 338.27607138695987, 2.66879965324208, 7969.920021627285
3333, 5, 242.08133163224, 0.4170660585536543, 0.0, 0.0, 0.2, 242.61252716956125, 1.9140704387619583, 7969.920021627285
3334, 5, 230.10153057047614, 0.39642684454488064, 0.0, 0.0, 0.2, 230.6064390049502, 1.8193494500761977, 7969.920021627285
3335, 5, 519.8192035719637, 0.8955624335600452, 0.0, 0.0, 0.2, 520.9598354697404, 4.110067128202757, 7969.920021627285
3336, 5, 516.3671271747818, 0.8896150770709766, 0.0, 0.0, 0.2, 517.5001840351568, 4.082772707046932, 7969.920021627285
3337, 4, 399.8130523599009, 0.6888117036836622, 0.0, 0.0, 0.2, 400.6903576718782, 3.1612103684257504, 7969.920021627285
3338, 4, 529.9818258689528, 0.9130709521447946, 0.0, 0.0, 0.2, 531.1447590657102, 4.190418579696625, 7969.920021627285
3339, 4, 131.74945686572354, 0.22698250421645816, 0.0, 0.0, 0.2, 132.03855322632555, 1.0417062340012766, 7969.920021627285
3340, 4, 82.84323206507557, 0.14272517488008063, 0.0, 0.0, 0.2, 83.02501404323529, 0.6550183457299348, 7969.920021627285
3341, 4, 117.9188113486096, 0.2031545915321259, 0.0, 0.0, 0.2, 118.17755927834217, 0.9323511747988446, 7969.920021627285
3342, 4, 456.7928177228432, 0.7869784069052802, 0.0, 0.0, 0.2, 457.7951530970785, 3.611733491652002, 7969.920021627285
3343, 4, 446.05951330950796, 0.7684867002051956, 0.0, 0.0, 0.2, 447.03829671383806, 3.5268682452608897, 7969.920021627285
3344, 4, 577.850871955325, 0.9955413942522838, 0.0, 0.0, 0.2, 579.1188436648648, 4.56890578495843, 7969.920021627285
3345, 4, 443.14573354713883, 0.763466740025232, 0.0, 0.0, 0.2, 444.1181232771045, 3.503829800813561, 7969.920021627285
3346, 4, 474.3752529747491, 0.817270032226886, 0.0, 0.0, 0.2, 475.41616929013526, 3.750752906581005, 7969.920021627285
3347, 4, 284.0356731864692, 0.48934644529411575, 0.0, 0.0, 0.2, 284.6589294894005, 2.2457909009723727, 7969.920021627285
3348, 4, 230.1015297900375, 0.39642684454488064, 0.0, 0.0, 0.2, 230.6064390049502, 1.8193486617543186, 7969.920021627285
3349, 4, 209.99192083167367, 0.36178131727841745, 0.0, 0.0, 0.2, 210.45270375641945, 1.6603475887054508, 7969.920021627285
3350, 4, 579.5096322877998, 0.998399163711962, 0.0, 0.0, 0.2, 580.7812437965968, 4.582021140574764, 7969.920021627285
3351, 4, 41.25515954686494, 0.07107581047063238, 0.0, 0.0, 0.2, 41.34568528233881, 0.3261930478277912, 7969.920021627285
3352, 4, 143.09845909168052, 0.2465349563243352, 0.0, 0.0, 0.2, 143.41245844101616, 1.1314396313884307, 7969.920021627285
3353, 4, 242.08133081116924, 0.4170660585536543, 0.0, 0.0, 0.2, 242.61252716956125, 1.9140696093975904, 7969.920021627285
3354, 4, 229.8604567038555, 0.3960115155249172, 0.0, 0.0, 0.2, 230.36483693478982, 1.8174425640541454, 7969.920021627285
3355, 4, 519.8192020035481, 0.8955624335600452, 0.0, 0.0, 0.2, 520.9598354697404, 4.110065543944527, 7969.920021627285
3356, 3, 203.17353369857892, 0.3500345152485488, 0.0, 0.0, 0.2, 203.6194425303436, 1.6063490843825967, 7969.920021627285
3357, 3, 228.54426122674104, 0.3937440976442471, 0.0, 0.0, 0.2, 229.04585167838582, 1.8069374395344298, 7969.920021627285
3358, 3, 234.58719438309063, 0.4041550755878621, 0.0, 0.0, 0.2, 235.10204737545678, 1.854714627665087, 7969.920021627285
3359, 3, 399.8128807125637, 0.6888117036836622, 0.0, 0.0, 0.2, 400.6903576718782, 3.1610369872770763, 7969.920021627285
3360, 3, 451.09076109242494, 0.7771550409037862, 0.0, 0.0, 0.2, 452.0807785943943, 3.566454832297547, 7969.920021627285
3361, 3, 41.25514183524137, 0.07107581047063238, 0.0, 0.0, 0.2, 41.34568528233881, 0.3261751572989334, 7969.920021627285
3362, 3, 219.80449430116408, 0.37868691955864975, 0.0, 0.0, 0.2, 220.2869034195479, 1.737838298799664, 7969.920021627285
3363, 3, 131.47613466389677, 0.22651171255457625, 0.0, 0.0, 0.2, 131.76468784572944, 1.039488582449116, 7969.920021627285
3364, 3, 361.67582305957393, 0.6231078383939317, 0.0, 0.0, 0.2, 362.46959989065203, 2.8595143109378287, 7969.920021627285
3365, 3, 316.61577663866524, 0.5454768043763819, 0.0, 0.0, 0.2, 317.31065932593816, 2.5032564706933673, 7969.920021627285
3366, 3, 456.7926215956603, 0.7869784069052802, 0.0, 0.0, 0.2, 457.7951530970785, 3.6115353833864288, 7969.920021627285
3367, 3, 164.56445915336226, 0.31501938071403035, 0.0, 0.0, 0.2, 183.25070212489814, 1.445660561254761, 7969.920021627285
3368, 3, 519.8189788366809, 0.8955624335600452, 0.0, 0.0, 0.2, 520.9598354697404, 4.109840122866549, 7969.920021627285
3369, 3, 203.17353369857892, 0.3500345152485488, 0.0, 0.0, 0.2, 203.6194425303436, 1.6063490843825967, 7969.920021627285
3370, 3, 352.3989981984386, 0.6071253979933482, 0.0, 0.0, 0.2, 353.17241500495453, 2.7861690338723757, 7969.920021627285
3371, 3, 465.6759380214278, 0.8022828970926335, 0.0, 0.0, 0.2, 466.6979658895462, 3.6817694856333505, 7969.920021627285
3372, 3, 54.46530662801706, 0.09383474735289732, 0.0, 0.0, 0.2, 54.58484267588752, 0.43061856453375513, 7969.920021627285
3373, 3, 316.61577663866524, 0.5454768043763819, 0.0, 0.0, 0.2, 317.31065932593816, 2.5032564706933673, 7969.920021627285
3374, 3, 271.11618670567896, 0.4670885093249877, 0.0, 0.0, 0.2, 271.7112105746192, 2.143523471521171, 7969.920021627285
3375, 2, 271.101376772004, 0.4670885093249877, 0.0, 0.0, 0.2, 271.7112105746192, 2.128563942556569, 7969.920021627285
3376, 2, 96.22988347664912, 0.16579728720236753, 0.0, 0.0, 0.2, 96.44634949561394, 0.7555530060518281, 7969.920021627285
3377, 2, 519.790583318524, 0.8955624335600452, 0.0, 0.0, 0.2, 520.9598354697404, 4.081157781294027, 7969.920021627285
3378, 2, 117.91231931932096, 0.2031545915321259, 0.0, 0.0, 0.2, 118.17755927834217, 0.9257935694567695, 7969.920021627285
3379, 2, 219.79248625193836, 0.37868691955864975, 0.0, 0.0, 0.2, 220.2869034195479, 1.7257089561474055, 7969.920021627285
3380, 2, 270.8985933189104, 0.466739127769094, 0.0, 0.0, 0.2, 271.5079709666881, 2.126971779686101, 7969.920021627285
3381, 2, 569.3655913301014, 0.9809766681449772, 0.0, 0.0, 0.2, 570.6463608627871, 4.470398056507287, 7969.920021627285
3382, 2, 262.0868759603887, 0.4515571616183043, 0.0, 0.0, 0.2, 262.67643193419224, 2.0577862076145546, 7969.920021627285
3383, 2, 131.46895267724173, 0.22651171255457625, 0.0, 0.0, 0.2, 131.76468784572944, 1.0322340504743428, 7969.920021627285
3384, 2, 496.30359671748926, 0.8550960158286464, 0.0, 0.0, 0.2, 497.4200156499244, 3.8967487111758348, 7969.920021627285
3385, 2, 271.10137677200464, 0.4670885093249877, 0.0, 0.0, 0.2, 271.7112105746192, 2.1285639425572125, 7969.920021627285
3386, 2, 451.06611990689987, 0.7771550409037862, 0.0, 0.0, 0.2, 452.0807785943943, 3.5415647459085955, 7969.920021627285
3387, 1, 95.5572156046924, 0.16579728720236753, 0.0, 0.0, 0.2, 96.44634949561394, 0.07609050912584425, 7969.920021627285
3388, 1, 442.91707385546334, 0.7684867002051956, 0.0, 0.0, 0.2, 447.03829671383806, 0.35268697854917846, 7969.920021627285
3389, 1, 239.57038522305467, 0.4156684527971757, 0.0, 0.0, 0.2, 241.79952247255497, 0.1907656315406629, 7969.920021627285
3390, 1, 335.15752183966345, 0.5815176546830622, 0.0, 0.0, 0.2, 338.27607138695987, 0.26687996623547433, 7969.920021627285
3391, 1, 372.1902999958435, 0.6457716633103316, 0.0, 0.0, 0.2, 375.6534294675891, 0.29636850801033343, 7969.920021627285
3392, 1, 201.74228545593417, 0.3500345152485488, 0.0, 0.0, 0.2, 203.6194425303436, 0.16064378878182603, 7969.920021627285
3393, 0, 40.777546830872716, 0.7025296258540422, 0.0, 0.0, 0.2, 0.0, 0.0, 7969.920021627285
3394, 0, 45.6792819284363, 0.7869784069052802, 0.0, 0.0, 0.2, 0.0, 0.0, 7969.920021627285
3395, 0, 13.147619155856658, 0.22651171255457625, 0.0, 0.0, 0.2, 0.0, 0.0, 7969.920021627285
3396, 0, 51.36870534282273, 0.884997753660294, 0.0, 0.0, 0.2, 0.0, 0.0, 7969.920021627285
3397, 0, 21.98045894188381, 0.37868691955864975, 0.0, 0.0, 0.2, 0.0, 0.0, 7969.920021627285
3398, 0, 48.75545014210198, 0.839975692719798, 0.0, 0.0, 0.2, 0.0, 0.0, 7969.920021627285
3399, 0, 19.863382872907028, 0.3422132036479917, 0.0, 0.0, 0.2, 0.0, 0.0, 7969.920021627285
3400, 0, 51.981920378190935, 0.8955624335600452, 0.0, 0.0, 0.2, 0.0, 0.0, 7969.920021627285
3401, 0, 57.25533037191352, 0.9864145577751305, 0.0, 0.0, 0.2, 0.0, 0.0, 7969.920021627285
3402, 0, 12.783314015995606, 0.2202353380913259, 0.0, 0.0, 0.2, 0.0, 0.0, 7969.920021627285
3403, 0, 45.10909562963678, 0.7771550409037862, 0.0, 0.0, 0.2, 0.0, 0.0, 7969.920021627285
3404, 0, 40.777546830872716, 0.7025296258540422, 0.0, 0.0, 0.2, 0.0, 0.0, 7969.920021627285
3405, 0, 21.325108326922532, 0.3673963133767352, 0.0, 0.0, 0.2, 0.0, 0.0, 7969.920021627285
3406, 0, 18.852443243240373, 0.32479638741864847, 0.0, 0.0, 0.2, 0.0, 0.0, 7969.920021627285
3407, 0, 31.661591364176083, 0.5454768043763819, 0.0, 0.0, 0.2, 0.0, 0.0, 7969.920021627285
3408, 0, 18.28493990592914, 0.31501938071403035, 0.0, 0.0, 0.2, 0.0, 0.0, 7969.920021627285
